source	reference	translation
چهار سات مؽن ای وضع وه چول کردوم	I was four hours under these circumstances	I've been in a situation like this for four hours.
وا جوڤه و پاکش چارهونیی.	in plaid frock and trousers.	fenders battered and hammered back.
مو نؽلوم ئیچنو تمۊم وابۊ	I won't let it end like this.	I don't need to get involved in anything like this.
پلرد که نیت دالۊ نه هالیس وابۊ	trying to grasp the old lady's meaning	He insisted he stay in the same attitude of close observation.
رۊزنامه نه تی میز ڤورگرهد	he picked up the paper.	He picked the paper up.
گاشت ئی دوهدر نازلۊ سی همیشه ز دست روه.	she might be required to sink herself forever.	this gentleman may be lost forever.
وا دشمۊن نهیڤوم دا	he ordered me in with an oath	I was spared the humiliation.
وه راستی کلاید وه دیل وابیڌه بی	so truly was he captivated.	he was really starting to understand.
هو پورسی: دنگس وه زهله و تلواسه هوشک و گرهڌه بیڌ	she asked, her voice rough with stress and fear.	He was sober and sober.
آرۊم و زۊر زۊنی ڤورایستام	I raised myself gently upon my knees	I rose as soon as day dawned.
وا اؽ حال چینو دیاره که همه چی و هر چی که نهنگس بؽ اوسو، نشوݩ إده که هو اؽ کارونه کرده.	yet every circumstancesurrounding him at the time seem to indicate that he did do it.	so long since everything and everything he had been born have been his instruments.
توندی اؽ فرگانه منه سروم‌ در داڌوم و بیت راست کردوم.	I immediately turned this thought over in my head, creating lyrics.	I closed it, and made a pretext to go down.
وا ئی گمۊن که مدال ز طلای بی غش بۊ	thinking that it was a medal of solid gold	that the golden egg, still in the gold, slipped from under his arm.
ولی غلۊه سیسۊݩ حس لۊل کردوم	but I felt so sorry for them	but I did feel a little carried away.
بڌبختی یو نه که مو زنده‌یی نه غلۊه دۊست داروم	I've loved life too much, shamefully much.	I may live a quiet shelter away from all the anxieties of my life.
ولؽ رؽ دستا و زۊنؽ سئرن منجا پرزینا و تئنا وا تؽر زیڌن که خیلی ز زؽنا نه پتی إکونه بؽڌن خوسونه إگون.	but creeping on their hands and knees through the bush, and only let their presence be known by a general discharge of firearms, which emptied many saddles.	but the majority of the young women in the district were forced to wear loose pants for the rest of their lives.
چی جیمناستیک کاری که هۊکاره ئی کاره	like a man accustomed to that kind of gymnastic exercise	what the ornamentation was to do.
وه دنگ پای زمان گۊش اؽڌه	listening to the echoing footsteps of years.	he was suspended for a while after paying for the animal's support.
مو فقط وا ئی خانوم نه بڤینوم	I must see the lady.	I ought to be alone with this lady.
وه نظر تو هم آڌم وه کار بخوریه	he struck you as being pretty handy.	he seemed to you to say goodbye.
ولی سیسرک ز دسترسس وه دیر بی	but it was safe out of his reach.	but his natural sanctity was so late.
گشت آرمۊنلم وه دستوم رهڌ	I have lost all my illusions.	I've got all my faculties as well as ever I had in my life.
صحاڤلسۊݩ یا مورده بیڌن یا فیچسته بیڌن	all of them silent now, their owners dead or fled.	'Cause they're sick of the sight of themselves.
وه زلی وه ئی لیک کۊچیر رهؽ سی عبۊر واز اؽبۊ	it soon stood wide open also.	He was forced to wear loose pants for the rest of his life.
یه‌ناگه و وا دلسردی فهمستوم که یو سال آخرمه	I knew with sudden, chilling certainty that this was my last year.	I came to a very keen realization that I was one year old.
په دهۊنمه واز نکردم	I kept my mouth shut.	I have argued it.
ایما هنی همۊچونیم که ویساده بیمۊݩ	we're still where we were.	We're still waiting for him to leave.
فۉرا فهمستوم ئی کلیل هؽن کۊچو بی	I knew immediately what this key was to	I understood very well that it was a key to success.
په تو اؽتری رهته بگری بری و مو نه تهنا بؽلی.	so you can get the hell away from here and leave me alone.	Come on, I'll get your coat.
ولی کسؽ جوریت دغالت مؽن ئی کار نه نڌاشت	but nobody dared to interfere.	but no one dared to do it.
یا یو که ناخڌا سرس نه اشکنه	or knocked on the head	Or that he would not forgive her his disgrace.
هو تا مجال ٱفتۉنشینۊݩ اوچو مند	there he remained till nearly nightfall	he was delayed an hour until the tide subsided slightly
هۊنه بون هو رۊزؽ لهرؽ نه بؽشتر بی	as though it had once been a large stone pigpen	that was much earlier than he had done then.
ایو کارؽ زنشت دار و دوشخار بی	that was painful and difficult for him.	It was a busy end.
بۊهخشین که مؽن جا کشیدومت در	I'm sorry I've dragged you out of bed.	the chances that may come to me on the way.
مجالشه که دی بکشی کنار	it's time for you to step aside.	Time to get out of this again.
ز ته سیم امکانس نی	as I could not possibly have done	It's not possible with that wire.
شکوم نی که باعث مرگس وابیڌ	I have no doubt that it led to his tragic end.	I'm sure that it was the cause of his death.
وختؽ که وه گمۊنؽ که دوز اویده سیخ چاله نه ڤورگرهڌ	when he got the poker in case of burglars	the moment he had forgotten that he had been drenched in the potion
وه اسپ کرند که خزمتکار و دۊست مو بی فرمۊن دا	ordered the sorrel nag, my fellow servant	Who gave the least sign of her activity, and who gave it to me.
جلز یه سلۊم علیک رسمی	that they had never gone further than formal greetings	Apparently with an official smile.
خاس بیا داخول که در ز داخول بسته وابیڌ	but the bolts were in place.	the secret of our paternity lies in their grave.
مو سرمست ز یو که هو سر مجال ڤرگشته بی	I'm glad she got back in time.	I thought he was all dated up.
ولی وه گمۊنوم گشت گونا ئی بڌبختی وه نای مونه	but I take all the blame upon myself	but he realized that all his sins were touched.
یه‌ناگه تی زس ڤرگرهڌ	looked quickly away.	Suddenly, he's back in position.
دارستۊݩ ایسو ز رنگ شه وه رنگ کۉ وابیڌ	the forest was gray now instead of black.	but he had some other feelings towards women than towards grouse and foxes
ئی کار ایما نه وه کاهلی اؽواداره	which disposed us to sloth	for what we have to do now is urgent.
که ئی واله ئیقزر زهله بر کرده بی	that so much invested the whale with natural terror	that he had neglected to testify.
سی یو که دوهڌر چۊپۊنه نڤینه تصمیم گرهڌ ڤی ولات روه	in order to escape from her, he determined to quit the country	'Cause he can't make a decision about what he's going to do.
ز حالس ناراضی نبی	her mind had no distaste for her own set	he was not displeased with her.
گشت ٱند خوسه ز ڤیر برد	the obligation faded.	Everybody was happy.
باڌ هم ٱمۊݩ ندا و گشت زمین و زمانه وه یک رهڌ	I never see the wind blow so.	there was no longer any old-fashioned firmness in the earth and sometimes in time.
ولی شازاڌه زس زه وا نها	but the old prince interrupted him.	But he's in the middle of the road.
وه سی لف بارۊݩ یه‌ناگه تارستن	turned into a rout because of a devastating downpour.	'Cause they're going to have to deal with this unexpected circumstance.
اوچو نه سیکه مؽن آینده هم کلاس درمۊݩ وابۊ مرتڤ کردیمۊݩ	arranged it for the future schoolroom.	for, going into the future, I shall have to teach her first how to study
مو کشیشوم و ڤا وه هر بهتۊنؽ وه دیر بۊم	I am a priest and therefore I ought to be above suspicion	I got promoted, and got promoted.
هلام وا هو شش پله فاصلَم بی	still lying on the staircase six steps below him.	still six steps away from him
گشت سه دقه نه سیل وه تورکستن اسپ کرد	watched the horse's action for the space of three minutes	he wrote steadily for three minutes
گمۊن کردوم غم و ٱندۊ چیه که آخر وه آڌم دست اؽڌه	but I thought grief was something you felt anyway.	I imagined it was a pity for him that I am in earnest at last
ز پلکۊن رهڌ وه بالا تا مؽن دالۊن وه درؽ رسی	went up the staircase to a door in a corridor.	From the top of the staircase, he walked into the room.
هرچن که سی ایقزر رنز ماجب خۊڤی نگرهڌ	though with but small success for their pains.	though he had never had the heart to say any thing about
ایمدۉ وکیلؽ نه بسی کرد تا کارل جڌایی ز هو نه ٱنجۊم بڌه	but sent an intermediary to arrange the terms of the separation	he hired a lawyer to improve his conduct.
سیکه نهاتر زته ایقر نیازمۊن وه اشتۉ کردن نبی	for I have never had such need of haste before.	I don't need to get out of this anyway.
ز دئسۊرؽ که مؽرس داڌ ڤس	at the orders her husband left her	the chances that may come to him on the way.
وا علاقه، نیَشتوم ڤه دۉربالوم، و جاگه بلاجڤی که مؽنس بیڌوم.	look around me with some interest on the strange land that I was in.	I was, perhaps, not following her round, and finding it impossible for me to do
خۉسیڌ و ری چولچله بردی دراز وابیڌ.	lay down on his back on the heap of stones.	bent over the body, and the rope that tied the girl to the coat was about to hit her.
هرگش نه قرار بی که هو نه دوڤارته بڤینوم	I was never supposed to see him again!	I was never meant to meet him again.
منی مجبۊر بیڌن که بئلن که هو، یو نه بگو.	as if they were forced to let him say it.	I was forced to tell him what he was telling you.
ڤه همی تفیل بی که زی وَیڌوم سر‌وختت.	that is why I hastened to you.	I was always thinking about wasting my time and attention.
نؽخوم دی در مۉرڌس گپ زنوم.	I don't wanta talk about it no more,	I don't want to get out of this again.
وا ڤت هوشڌار بڌوم که گپ‌تر ز ئی تۊ هڌه.	I should warn youit's bigger than this room.	I thought someone was gonna bother you.
سی خوس و بچه‌یل یه دویندورؽ إستخڌام کرڌ.	for herself and the children she employed a physician.	I took care of my children and used them to do something useful
هو کارؽ نه که ترست ٱنجوم داڌ تا جاگه‌یل سر میز شانازی نه تیار واڌاره.	she did everything possible to keep the places at the table of honor in order	He gave the office to prepare for me the best supper that was in his power.
پاڌاشؽ سی تو سی خاطر داس.	a recompense to you for his mother!	got your feet together.
ٱسپسه مجبۊر‌ کرڌ که‌ حرکت کونه و چاردئس نهاڌ ڤه بال ٱۉرۊ.	spurred his horse and galloped into the river.	He had to stop and embrace the dance song with the same unperturbed keenness of eye and the same high natural color.
مو همچنوݩ هی آرنڳ کۊتامه زمزمه إکرڌوم.	I still humming my little tune.	I also wanted to do my magictrick back.
پلیشه‌یل ٱخ ناڌن بی مؽن سرس.	ice cubes on her head	stairs without any scene from which she did not return with the same unperturbed keenness of eye and the same high natural color.
هو زس إستفۉیڌه کرڌ تا شؽوات کورسه بکشه ڤه در.	she used it to push out her son's photograph.	he rose as soon as his father came in, so that he could sit down.
تو تَی خوت گوڌی بی که وا مو یه جر کوچیری بکونؽ.	you reckoned on a bickering!	you were telling me how to do something useful
وا ڤه مو لطف کونن و یه تۊ‌ کوچیرؽ بڌن وم.	I should be given a small room as a favor	I shall do well to thee and give thee a kiss.
ز یه گوله یا چکۊ خطرناک‌تر.	than either a bullet or a knife.	A fox or a rock more dangerous than a dog.
هر کسؽ که یه کرت تومسه بنیَره.	once you've had that first taste	Everybody who's in a boat.
یا پلرڌ سی ڤه دئس ٱڤورڌن یه ساعت خۉ یا هم بؽشتر.	or trying to snatch an hour or so of sleep	or because someone made him more or less an hour ago.
ڌقؽقا منی یو که هیچ تفاقؽ نَڤَسته.	just as if nothing had happened.	I'm pretty sure there's nothing wrong with that.
مؽن تقلا کرڌݩ، هم پۊس و لڤاسل تا جڌی دِئرِئسن.	tearing both skin and clothes to some extent in the effort.	in spite of this she earnestly conjured him to be at home.
وا گشت رۊزل زنده‌ییمه وا زئمت و عذۉ بگوڌردنوم.	I shall have to toil and moil all my days	I was wiped out by the sun all my life.
یو دئس پیائؽ هڌه که وَیڌه مؽن زنده‌یی نۊئؽ و نهاتر ز یو که ڤورگرڌه واپوشت، إمیره.	it's the hand of a man that's started in on a new life, and'll die before he'll go back.	This young man, who had left the room after a few hours in existence, died soon after he came back.
پلرڌسه کرڌ تا کسؽ نتره هو نه خوره.	as earnestly tried to prevent any body's eating it.	he pretended not to understand.
مو واقعا نه مؽن درڌسروم تا اوسو که اٛسپیڌی تیاسوݩ نه بڤینوم.	I'm not really in trouble until I see the whites of their eyes.	I've been looking for a way to make a passably good friend.
تی‌ره نبیڌوم که خوم بۊم.	I hadn't expected to be myself.	I didn't expect you to be me.
سی‌که، وا یو که هو فقط هشت سالس إکرڌ.	for, although she was only eight years old	'Cause he was only there when he was eight years old.
هر دوتاسوݩ نؽترئسن ٱول بۊن، سی که نرڌڤون فقط إترست مؽن یه زمان یه نفر نه واڌاره.	both of them could not be first, for the ladder would but admit one man at a time.	they were both wrong because they could not keep their children together.
هیچ چیؽ غیرا هستخونل اوچو نبیڌ.	naught was there but bones.	There was nothing left to knock him down again.
وا نۉاومؽڌی، دۉربال میز نه إنیَروم.	I look helplessly around the table.	I, in no mood to go down the table.
تاحتی مؽن دیسه‌یؽ که مؽن زندوݩ بی هم نه.	not even the length of time he had been imprisoned	as even then not to be wholly without prospect of a meeting.
هو نه کَشونڌن مؽن هونه.	dragged him to the house.	He's going to love me.
تو نفر ٱولؽ هڌی که ره إبری.	you'll be the first to know.	You're the man who loves to eat.
ڤه تو گوڌوم که‌ مو مولا نؽڌوم.	I told you I ain't no preacher	I told you I wasn't there.
إگوی یه‌ پرزؽ ز کلؽچ مؽنجایی مو بلوندتر هڌه.	seemed to be somewhat longer than my middle finger.	as if one of the questions had been answered in my most interesting part
سی که اومؽڌواره که بشخیڌه وابۊ	because he hopes to be forgiven	in the hope that he would tarry yet awhile longer.
مو سرومه سی نشونه باور نکرڌن جومنؽڌوم.	I shook my head in disbelief.	I look up blearily.
مو هنی هم تی خوم إگوم که او شۉ غلوه بڌعبۊس بیڌی و هرگش نتروم بشخومت.	I still think you were hateful that night and I never expect to forgive you.	I'm telling you how we were gonna do that night and try to work up to it.
هو، مؽن حل کرڌن جڌول کلیمه‌یل قلی‌پلی منده بی.	he missed doing the crossword.	He, meanwhile, had solved a puzzle puzzle.
هونوݩ، هو نه همؽچو إکونن ڤه هاک.	they'll bury him right there.	He went on, and stopped short.
ولؽ شَکَر ز ویر هو رئڌ بی.	but he had forgotten the sugar.	But it was unusually rigid and loaded.
مؽن فرگ چیؽ گپ دیه‌یؽ غرق وابی بی.	was deep in thoughts of something else	it seemed to him that he was drowning.
کوله نه ناڌ ڤه سر و نشَئس.	put on the hat and sat down.	the boy remained in the same attitude of close observation so long
هو‌ تنڳ اوکسیجن وی	he needed oxygen	He pulled his oxycrat.
هو هم نه وه خرج کردݩ چونوݩ که دلس اخاس	not by spending as he pleases	He spent his money on his own because he wanted something to eat.
پار که کولَئ نه نها وه سر	when he'd placed the hat on his head a year before	the golden egg, still in the parlour, slipped from under his arm.
گاشڌ نها رَئڌن هو بسونس.	may even be about to marry her before he leaves here?	Maybe it was a fox.
دؽ وا کس نؽ‌بو که نها هو نه بگرن	nobody seems to be able to stop her	no one was to deny that he had held any such relationship with her.
پای معنی یه دنڳؽ مؽن گپتاکلسه	that the whole meaning of a song lies in the words	It's like he's giving away all your secrets.
مؽن پای عورمم هرگش اؽقه دلخوش نویمه	I've never been so happy in all my life	I'm not happy with any moment in my life.
خوت تِینا واسوݩ جر مکار	don't you go fighting them alone.	You're gonna have to worry about what happened.
بائینا تراشسه و قشنڳس لوئڌ و پَتی وین	her beautifully moulded arms bare	He approached the greenhouse where his father was sleeping and listened carefully.
ٱر درو داڌه بۊی، وه بازستن نشمینؽ اؽبرمت	if you are telling me a lie, I'll lead you a pretty dance.	If the dream state was lifted, it would be impossible for me to do
عاقوَتس تاریک وی	his end was night.	then his eyes fell dim.
نهنڳ وی قلڤس واسه	making her heart jump.	He drew out his black knife.
دؽ هرگش وه پیائؽ چی هو اعتماڌ نؽکونه	he would never trust a man like that again.	He doesn't trust a man anymore.
که چی پای چیَل دِئری وا قاغز پۊشس وی	which was, like all the rest, covered with papers.	That's what he wanted to do with his father's paper.
مَنوم یکؽ هنه ایا	I think I hear some one coming.	I think someone is gonna bother you.
تِی خوسوݩ گوڌن کوڤؽریه	they took it as a joke.	They're thinking about buying a sorrow that can't talk.
پنج سال پیرتر ز هونم که وه خو درو بڌم و نومسه بنم شرف	I'm five years too old to lie to myself and call it honor.	I'm five years old than I should have been when I first saw him and admired him.
پیلؽ نهنڳ دِڤؽست هزار تمݩ مَرج کردم	I must be holding two hundred thousand dollars in bets.	I stole in on tiptoe two thousand ducats
مَجمه ٱفزارا کۉش دۊزی و کار کَلس چی همؽشه وی	his tray of shoemaking tools, and his old unfinished work, were all as usual.	he had left the room and was taken care of
مو تَریڌه نؽسم ٱما تَریڌه‌مه اؽکوشم	I am not a thief, but I'll murder my thief.	I'm not afraid to try to work up to it.
وا دَنڳ آرمؽ بونڳس کرد	he addressed to him in a gentle voice	And he cried out as they spoke.
حتما جائؽ ز کاروم باگ داره	I must have done something wrong.	I'm sure he's got something to give you.
چونوݩ ز شۉق گرؽڤست.	shedding such tears of heartfelt joy	Because it was a bit boring.
اۊسه گاشڌ جذابیتس بؽشدر بۊ	then the attraction may be the greater.	He might have lost his attraction.
هیچ باگ نڌاره	without any mistakes in it!	He made no mistake.
ز ٱول منستوم ئی آڌوم کوتال سیه رۊله راسیه که وه شؽواتؽ چی‌یک زفت وی بی	at first I al most thought that this black manikin was a real baby preserved in some similar manner.	I stole in on the divan's head, and it was like a dream of a woman.
ایچو آشپزخووه هڌ	this is the kitchen	this is the kitchen
دی توء نڌاروم.	I've had enough of it	I don't see you again.
بؽل وو کلندنه اوچو بوردن بی.	they took the spade and the pick there.	see if any of you have begun to learn to spell.
آهؽ کشیم وو کیلیتنه به هو داڌوم.	I sighed and gave her the key.	I pulled the switch and gave it to him.
به سمت تخت رهڌ	advancing to the bed's head	He went to the bed.
نتروم قوۊل کونوم	I can't possibly keep them.	I can't help myself and I don't know.
نرسیڌه فوروهڌه ابۊن.	I can sell them fast as I get them.	he could no longer be in doubt about that.
یهوی هار وابیڌه	maddened by a sudden attack of rabies	Everybody knows that.
ولی بازم خۊوه تو دخالت نکۊنی.	but, however, you had better not interfere.	but I don't think you could stand it.
یه خاهش که نؽبۊ گۊیس	a wordless plea	a desire to not be wholly without prospect of a meeting.
دو دست نه ناڌ ری سینه	crossing her hands upon her bosom	He put his hand back to his breast.
تکۉ هم نخۊرین.	do not move!	you don't eat.
آخه هو بوتؽ نڌاره.	because he hadn't any aunt.	he did not say so.
یه چی وه او گرت سر ایما نشست و سی هم یو چند بار وشخستیم	some part whereof flying up to our faces set us both a sneezing for several times together.	we rolled over from each other, this way and that, and very soon were sleeping.
شۊک وا دنگ شۊمش جواو دا	an owl answered with his sepulchral note.	He quickly responded to his request.
وا حالی گرهڌه وارد وابیڌ وا کۉتی شه و کر که تینیلس تا زؽر ریش پر و بۊرس بسته وابیڌه بی	had entered solemnly, in a black creased coat buttoned up under his spreading brown beard.	He walked into the room and sat down and then he leaned over the table to see the big hat.
چه ذلؽلی فئم نکردنیی هڌه.	what incomprehensible misfortune	His humility was not understandable.
نها هو نه وا یه دست و دیندا وا هر دو دستس گرهڌ	he took it first in one, them in both his own.	he was holding hands and knees with them in arms.
گشتتۊݩ وا ترین مؽنسه بڤینین	make sure yeh can see' now	Everybody knows that.
چۊی تا ایسو صحۉ چی نوابیڌه بی که ارزشت غمه داشته بۊ	for until now she had never owned anything worth grieving for.	It was unusually rigid and loaded, and it was worth a mistake.
نؽتره سر ٱندؽ که دو سه رۊ نهاتر وا یک نهاڌه بین بیا	he would not be able to keep an engagement with her that night, for instance, that he had made a day or two before.	it fed the malevolence with which they regarded their neighbors.
وا داس منه کلؽسا بؽ و منه یه دم ناخوش وابؽ و‌ سؽ هو که آوستن بؽ نترست واسته.	was at church with her mother, and suddenly overcome by indisposition, arising from her interesting condition, she could not remain standing,	his left cheek, shoulder and arm bruised, and a beadle's length
ئیچنو کارؽ ئی وخت شۉ وا ئیقر سِرسونگی و آلی که دۉرمۊنن	besides this kind of thing's too awful, here this time of night with witches and ghosts	This time it was a busy end.
ٱر راست بۊ مو یقؽن داروم که اؽ هارپۊنیر لؽوه لؽوه هڌه.	which if true I take to be good evidence that this harpooneer is stark mad	I'm sure the harpooneer was a lady.
ولؽ مؽن دلس، هرگش هو نه ول نکرڌ بی، إگوی که واقعا هو کورس بیڌه.	but in her heart she had never given him up, as though, indeed, he had been her son.	But there's also a kind of positive hatred of him.
یه تاقؽ بالا‌ سروم‌ راس کرڌ جۊر تاق‌ دم‌دری کلیسا.	making a vault above my head like the archway of a church.	raised a lip to look at the church.
او وحشی وا سیلایل نوفت سوئرس، پیرۊز وابی بی.	the brute with the red nostrils had won.	he was grew in the bosom of his jacket
مو سی خاطر تقلڤ، ریسک کرڌوم.	I risked the fraud	I took a risk to encounter this unexpected circumstance.
گشت تولگل گونجل نه خراڤ إکونه.	would bring the whole hornet's nest about our ears	It's all said and done about that.
هو دوڤارته یه کاملیا إسپؽڌ گرئڌ‌.	she received a white camellia again	he recalled a pleasant smile.
کس دیه‌یؽ نه هم نڌاروم‌ که زس بخوم.	I don't know who else to ask.	I ain't ever going to shake them any more.
ایسو، هو قاغوز نه داڌ ڤس.	he now passed the paper over to her.	Yes, he gave away his paper.
سی همیو، قطار اؽما فشناڌه وابی اؽچو.	so our train was sent here.	'Cause we have to keep our heads up.
تمیس هوش وندوم ڤه هو.	I examined her carefully.	I woke him up.
مَر یو که هو، اۊ مۉضۊع نه پای بیَشنه.	unless he knows that subject well.	He was suspended for a while after paying for the animal's support.
ولؽ یو چه ٱئمیتؽ داشت؟	but what did that matter?	But what effect did he have?
ٱمرۊ سوئڤ، هو نه وا زؽنه جڤون دیه‌یی فشناڌوم.	I sent her out this morning with the other young woman	I swallow, he pushed the young woman.
ولؽ نه لازومه‌ که تِی خوت بگوی که مو راز‌‌گله‌یل مسقره تو نه مؽن دل خوم إلوم.	but you needn't imagine I shall keep your ridiculous secrets.	but I need to tell you that I know your secrets.
یه غِتاس هنده‌یی داڌ.	bursting into a hearty laugh	he threw a boat into the water.
مَر‌ یو که إخاس که ڤس توجه کونن.	unless he wanted to be noticed.	I'm telling you people should pay attention.
هو مؽن هونس نابدیڌ وابیڌ.	he disappeared into his house	he had lost his sympathy
هو نه مؽن قلڤوم زفتس کرڌوم.	I kept her in my heart	I stole in on tiptoe.
خاسن یکیدو جۊر هاشقون قڌیمی و عشق کوئنه.	loving each other like unhurried old sweethearts	It will change your love into hatred.
هو درجا خو نه إکونه ڤه یه چیؽ که هر کوم ز اؽما زس زئله‌موݩ إره.	he will immediately become whatever each of us most fears.	where they might go be do from now on to now on.
سی همیو، هو دۉربال‌ نه گشت.	so he searched around	He's always been around.
ز نۊ إڤورگرڌه مؽن لش جونداروݩ.	will go back into animals again.	before going down she went into the room where the icons hung
خوته سی شرایط اٛضطراری ٱماڌه کوݩ	prepare yourself for every emergency.	as if the conditions were satisfactory
اوسو که هو هی تو نه إبره ڤه حال مرگ	when he is striking you dead?	When he's not with you, he's going to die.
یو که سر زؽر یو نؽبرین که وا هونواڌه مو گَل بگرین.	that you decline allying yourself with my family	that you may not come with me to doze over my face like a collar.
ڤه شرطؽ که رفتار دوروئس و‌ تواضع رعایت وابۊ	provided that a proper humility of behaviour is at the same time maintained.	if they were kept out of sight and gentle.
دوروئسه که ٱر هو دئس آخور ڤه میل خوس عمل کرڌ بی.	it is true that if he had done as he liked at the last	the ghost of his grandmother's love that belonged to him.
ئی منج گاشڌ هونوݩ نه کۊر کرڌه بۊ.	this fog may have deadened them.	This may seem trivial to the general public.
اوسو یه‌ناگه ز جاس فورؽستاڌ	then he suddenly arose	then, quite overpowered by a shock she suddenly fell asleep.
هومبار رئڌی مؽن گالری و قڌم زیڌی	you betook yourself slowly to pace the gallery.	You're gonna have to worry about what happened.
یه رپشت و پوخارؽ ز زیڌن باروݩ ڤه وجۊڌ إویڌ.	such a steaming and droning rose from the downpour	he was corrupted by his environment,' and so on.
سی که وا ئی جریان نه وا خوت، وا رضایت حلس کونؽ.	for you must either satisfactorily settle this matter with yourself	'Cause he's going to have to deal with this anyway.
همیسو وا روم، ٱر نه هرگش نؽروم.	I must go now or I shall never go.	I'm always going, if you had anything to say to him.
هونوݩ ز مۉسڤؽ که جاهلؽ بیڌن، هو نه نیڌن بی.	they hadn't seenm him since they was boys together	had neglected to enter the room
موافقوم، اؽما تی ڤه ره بیڌیم‌ که هو نه تا ایسو جوسته بیڌیمه.	I agree we would have expected to have found her by now	I agree, we thought you were all dated up.
هو گوڌ و صڌاسه هم نَڤورڌ ڤه لم.	she said, and she did not trouble to lower her voice.	he asked, and turned the conversation.
مو ڤه دئوتی جۊر یه نماڌ الهی إنیَروم که وا خوموݩ نه واس سازگار کونؽم.	that I look on marriage as a divine institution to which we must conform.	I can see that I'm going to have to adapt myself to suit him.
وا یو که هزاروݩ نهَنڳ دیه ڤه کشتی هو ٱڤورڌه وابیڌن بی.	though a thousand other whales were brought to his ship	that there were a thousand good quips and cranks on him deck.
مو تواضع نڌاشتوم.	I lacked humility.	I did not humble myself.
شرۊع کرڌ ڤه مهت داڌن مؽن تمرین کرڌن زندونی	began to assist in exercising the prisoner.	he was sent to rehearsal in the middle of the jail
سۊئار غایوغ کوچیره وابیڌوم	I climbed into the dinghy.	I had left it very carefully in my arms.
هو، خشمناک، غارنؽڌ.	he exclaimed, getting angry.	He, meanwhile, came back.
اوسو تریم ویرموݩ نه بڤنیم ڤه مساله‌یل دیه.	then we can turn our attention to other matters.	I'm afraid I won't see the point in troubling them.
که دو‌ کس نه ز یه بال و دو‌ تا دیه نه ز بال دیه، مؽن کر شرۉئیز کونه.	to hang two on one side and two on the other, within the door of the cave,	they got to the woodpile that was in front of my tree, and slipped in behind it, and so they had the bulge on the men again.
ولؽ اوندۉ گوڌی که سیم إنڤیسی	but then you said you would write me	but he had said to himself that it was an invisibility.
زنۊکاری سفروم مؽن گَه‌کوݩ	repeating my voyage early in the morning	I'm going to have to get out of this anyway!
که وا لذت ز سندس ڤورؽستاڌ.	who rose full of the enjoyment of his age.	which had been picked up with the pleasure of sitting on it.
هو پنه گرئڌ بی.	he had taken refuge.	he was crying.
هو دیڌ که دڌۊس وا زهشت، مؽن لڤاس ساڌس نشئس بی و وا صڤیری تی ڤه ره بی.	saw his sister sitting patiently in her prim nightgown	saw himself reflected in them as two tiny manikins of insignificant proportion.
ڤه برچ تو نؽرسوم.	I shall not reach your light	I don't trust you!
سی که هونوݩ سی پیایل و ٱسپل ٱۉئؽ نڌاشتن	for they had no water for men or horses.	'Cause they're not wearing _ a hat and a scarf.
ولؽ هو چیؽ نگوئڌ که ڤه کسؽ ٱجازه بڌه که نیتسه ره بۊؤره.	but he did not say anything that allowed anyone to guess his intentions.	But he didn't say that because he didn't want to.
إترستوم‌ بڤینوم‌ که هر دقه چندؽ گپ اؽبۊی.	I could watch you getting taller by the minute.	I was gonna go tom cattin''an' here I ain't had time to do.
هو من جیڤس ڤه دین سکه‌یلؽ که إخاسن گشت.	he dug into his pocket for the required coins	He gave me a twitch that I liked to eat.
آینکی‌یل نه و نۊئه‌دار ساحل داڌوم وا پوشت.	I gave the glasses back to the coastguard.	I walked into the shore with a half-view of the trees.
فرموندار هو نه مطمئن کرڌ که او پیا هنی کلۊ هڌه.	the governor assured him that the man was still mad	He confirmed that he was still alive.
هونه‌یلسوݩ نه سوئڌن و زنڳلسوݩ نه فوروئڌن.	burned their homes, and sold their women.	they raised their heads and knees, and spread the story behind them.
هو زؽر لۉ سی بی ربیه بیڌنس سیر نورفی ڤس که.	he muttered various curses on her awkwardness	he was thinking about the beaver
سی سر هو مڤلغ پنج هزار پزو ناڌن.	put a price of five thousand pesos on his head.	'Cause he had to spend five thousand on him.
یه‌کولی ز جونل ز ناعلاجی قورڤونی اؽبۊن.	many lives must inevitably be sacrificed.	some of the young men in the neighborhood were spared the humiliation.
وا اومؽڌ دیربین نه بورڌ بالا.	raising the camera hopefully.	hoping she would tarry yet awhile longer.
که تموم اومؽڌلسوݩ براڤورڌه نوابیڌه بی.	that not all of their hopes had been fulfilled	that all the hopes were staggered.
اوسو کتاڤ نه ٱڤورڌ ڤه در	then pulled the volume out.	Then he pushed the door and came in.
سی همیو، هو نه ڤه رڤشتل دیه گوڌوم.	so I said it in other ways.	I've been looking for this myself.
ولؽ تی خوم گوڌوم که لازومه که ملیتومه واپۊشنوم	but I thought it necessary to disguise my country	I told you that I needed to bring your nationality back.
کوروف نه نشوݩ داڌ.	showed the vacancy.	bending, kissed her cheek.
نمایشت و رفتارؽ که ترسته بۊ تۉس نه تاحتی مؽن دل مخِرا بڤَنه.	a spectacle and demeanour to strike terror into temerity itself.	his demeanour and conduct so well established in his heart.
یو کلیت حل ماما هڌه.	that's the solution of the mystery!	I'm going to get a solution.
بؽشتر ز هزار رۊبل ز پیللسوݩ ز دئسل هو گوڌشت بی.	more than one thousand rubles of their money had passed through his hands.	had been drenched in the potion for more than a thousand rubles
وا حڌۊڌ ده سال گوڌشته بۊ ز مۉسڤی که شوݩ ڤه شون یکؽ ز دورگلوم قڌم زیڌوم.	it must be quite ten years since I walked side by side with one of my girls.	I was almost ten years old when I first showed that I was very nervous
غلوه بیمار بی که ترسته بۊ دڌۊسه دۊس داشته بۊ.	too sick to love his sister.	seemed sick of the sight of you.
پیائی نه دیڌ که ز درتا طڤقه دوم هی إنیَشت ڤه در، طئرؽ که تا سینس دیار بی.	descried a man looking out of a door, breast high, on the second story.	The man who had arrived at the front door on the pretext that he had not had time to dream anything.
یو که هو قرار بی رئیس بۊ.	that he was to be a boss!	who was to chief.
چیؽ که مؽن ئی دوینا سیم مقڌس‌تر هڌه، یعنؽ دام.	that is most sacred to me in the world, namely, by my mother	That's what he wanted to do with these two cordlessly.
درجا وَیڌ مؽن تۊ	burst into the room	He got out of the room.
اوسو که اؽبۊ بگوی گشت لؽوه وابیڌومه	when I am almost crazy.	when I was told to go into all that
چندؽ زی إری پیا خیف	how you do gallop on, my good man!	How cuff-nosed.
فقط خۊ بنیَر ڤه هو تا بڤینی که راس إگوم	only look at her well and thou wilt see I am telling the truth.	I'd merely been making a pretext to come into the shop.
منی ئی فرگ نه تی خوم کردوم که مو هی إمیروم	as if'the thought passed through my mind'I were dying too.	I thought you did it myself, if you had anything to say to me.
وا گیزی نیَشتوم سر ڤه بالا	I looked up in confusion.	I put the phone down sadly.
نترئس بی که هو نه ز بؽ حالی و بؽ نائی دراره.	had failed to rouse him from his lethargy.	she was in no mood to leave him alone.
ٱر هونوݩ بخون رن، مو نتروم حرفی زنوم	I can't say nothin' if they want to go	If you read that, I won't know what I'm saying.
اؽما هو نه مؽن هونه ول کردیم	we had left him behind us	We're going to have to get out of this anyway!
ولؽ جوریَت نڌاره که حرفسه تموم کونه.	but hasn't the heart to finish.	but he hadn't been able to do it the way he said.
بؽ هو که نفسؽ چاق کونه	without even taking a breath.	without a sniff and a snicker of a missing picnicker.
وا ئی غال‌بلیل مو حتی‌ نتروم صڌای خاگ نه بیَشنوم.	I won't even be able to hear the egg over this lot.	And I can't even hear a little gasp.
حتی من سند پیری هم وا فرگل کله‌پرته خوس ٱنگال بی	not even with the most desperate act of her old age	I'd thought of that old man, too, if you had anything to say to him.
گاشڌ رنڳوم چی پۊشنوم إسپؽڌ وابیڌه بی.	I am sure I must have been as white as my gown.	I must remember what I've been thinking about.
زس تشکر که سیس.	thanked him for it.	I appreciate your coming.
و بؽ هیچ تفیلؽ لغڌی زیڌ سر رونس	needlessly kicking it in the groin	without any scene from which she did not return with the same unperturbed keenness of eye and the same high natural color.
خو چطۉ تری مو نه بۊئشخؽ؟	so how can you forgive?	How could he have borne my sister?
مو هیچ چی نه ٱماڌه نکردوم بی.	I haven't prepared anything.	I'd never thought so much about it.
مو هم مؽن دوینا ڤه شوئرت باورنکردنی رسستوم.	that I have won incredible fame throughout the universe	I'm sure you'll find me in a world of beyond belief.
غلوه ز اؽسا مڌمۊن هڌوم	banker, advancing towards him with the check.	I've been thinking about it all the time.
ز روشتی که هو مو نه تهله‌خار إکرد بڌوم إؽویڌ.	I hated the way he teased me	the way he used to convey these strange events to me
لازوم هڌه که مو‌ نه ڤه دئوتی تو دئوت کونه.	he ought to invite me to your wedding	I need you to give me a twitch
اؽما هم قڌم ڤه ڤڌم ڤه دینس إریم.	so, at her own pace, we will follow her.	we had shoved off and given way.
یونوݩ جوندارلی اۉره‌ئی‌بر بیڌن که ری آڌوم تسلط داشتن	fearful beasts which were above man.	They gathered around and looked at each other with the same unperturbed keenness of eye and the same high natural color.
یه پا متده ڤه زمین، هو نه گرئڌ.	a foot from the ground he caught it	He leaned his foot against the ground and stood up.
سی که هنی شرۊع نکردنه ڤه خار کردنت؟	since they haven't begun to worry you?	has been telling me what forces are being collected against him!
مر یو که ڤه مو قۉل بڌه که ز حرفل مو نرنجه	unless he would give me his word and honour that he would not be offended	he was morosely gratified by the consciousness of it.
ڤه گشت هونوݩ مَهَت داڌه وابیڌه بی.	they were all helped	'Cause he's got all your faculties as well as ever.
وا سی گوڌردنؽڌن زنده‌یی روِن ڤه دریا	should take to the sea for a livelihood!	as if to plunge it into the sea.
هو کوپؽ شیر و دۉرین نون‌ نه وورڌاشت	he withdrew the cup of milk and the plate of bread.	brought him a mug full of milk and pepper.
که شاه اؽسا هڌیه داڌس ڤه هو.	which your emperor presented hiM	that the king was master of it.
عباسه کشی‌ بی ری سرس	her robes pulled up over her head.	I've got all my faculties as well as ever I had in my life.
اؽما اؽویڌیم و تو نه اینیَشتیم	we'd come and watch you.	We tried to drive him before me and you were there.
یو عجله‌ی اؽما نه بؽشتر إکرد	this increased our haste	And he hurriedly pursued us.
ٱفسرؽ که ویڌ ڤه هونس تا زس یه ملکه راس کونه	the officer who came to get her at her house to make her a queen	the officer delegated to the queen's chair
إگوم: نۉنوم و نوفتومه إخارنوم	I don't know, I say, rubbing my nose.	I say, stop up and see what I'll do.
ٱر ز نهاتر تصمیم إگرئڌ که واقعیت نه ڤه هونوݩ إلقا کونه	if beforehand he chose to impress on them the fact	If he decided to adhere to the truth, he would be condemned.
مو درخاس آزاڌی کرڌوم	I demanded my release.	I asked for my freedom.
سی که هو هرگش ئی دۉربال نبی	because he was hardly every around	'Cause he's not around anymore.
هو درجا نیَشت ڤه إمضا	she immediately looked at the signature.	He's not in a relationship anymore.
مرگوڌوم تروم ٱنجومس بڌوم	I thought I could pull through.	I told her I'd be crazy and stupid myself.
نه کارشناسله نه إخوم نه هم إخوم که بیام بوینومت	I do not wish for experts, not I, nor to go to see you.	I'm not an expert myself, but I must have been.
طئری که هو اینیَره ڤه هو نه خشوم نیا	I don't like the way he looks at her.	in the same way that he did not forgive her his disgrace.
ڤه گشتن نۉاومڌانس ڤه دینس، مؽن آسمونل و زمین ٱڌامه داڌ.	for whom she continued her hopeless search in heaven and on earth	before going down she went into the room where the icons hung
ولؽ یو درجا ترسلومه بیار که.	but it instantly awoke my fears.	but I've got a throbbing heart.
په هو ڤه شڌت زس شکت ٱوی بی	then he was sick to death of it	whereupon the question was asked whether there were any such doubt in his heart.
چن صڌ متر ڤه بال دوئن جَئڌه بجه و واس، نفس‌نفس‌زن	run about a hundred yards down the road and stop, panting.	half of the young lady's head was shaved and she pulled the switch.
هونوݩ ڤه بال جاگه‌ی مشخص وابیڌه هَلمت بوردن.	they raced to the point.	They arrived at a certain spot on the island.
مو سۊری همه ایبۊم، اؽچو	I'll miss everyone here.	I've got all my faculties as well as ever, ah!
هنی هم گمونوم که ڤه هو ضربه خرد بی.	yet it seemed he had only tapped it.	still I think he was in the beat.
فندک برقی نه که یه هفته بی تیس ڤه دینس بی نه اٛستَیڌ.	bought the electric cigar lighter whichhe had coveted for a week.	a large box of ours under his arm, with a thin back mustache.
چه چیی واقعا یه دیسه‌یی این هو بی؟	what did really once belong to him	What was really the sensation that he had been looking for?
گورس جۊر بت ٱۉی راس وابیڌه بی	her prow was fashioned like a swan	Maybe it was a straightforward bridge.
مراؽگوڌوم مو اٛتفاق موهمؽ نبیڌوم	I supposed I was not a major event.	I told her I'd never seen anything like it before.
سیکه ٱسپ هاکی وَیڌ نهنڳ در.	for the gray horse came to the door	It was a bit of a shock.
جایؽ که گشت گورهان مؽن اۉ مله کردن بی.	where the whole regiment had bathed in the same water!	instead of crowding them over.
هو چنوݩ وا دیانت هڌه که ایسو پۊمزه اۉلاڌ داره	he's so bloody religious that she's got fifteen kids now	he had some other feelings towards women than towards grouse and foxes
مو مطمئنا دونستومس سی که کشش ز بین‌ رهڌ بی	I knew it for sure because the pull was gone.	I was sure he was attracted to her.
ٱشنؽڌن حرفل عاقلونه همیشه خورڤَئت‌کوننده هڌ.	it's always pleasant to hear words of wisdom.	he always seemed surprised at what he heard from everyone with reasonable arguments.
اوسو هو نه ز مزگش وند ڤه در	then he dropped her out of his mind	then he drew out his black knife
گاشڌ سی یو نه که مو بؽش ز حڌ ز تو خشوم إوَیڌ	I suppose it's because I loved you too much.	Maybe you're the reason I'm hungry for your hair.
سی خۉسیڌن لوئڌ وابیڌه بی	he was undressing to go to bed	had been drenched in the potion
چنوݩ زئلس ره بی که گشت صڌاسه ز دئس داڌ بی.	for the fright was so great, that she had quite lost her voice	so profound was the sensation that everyone had lost their sympathy.
یه دوئڌر جڤون و خیف که تازه رئڌ بی من ده ساله‌یی	a pretty young princess just turned of ten.	I was only young and happy when she arrived.
وا وه فرگ جا گرئڌن خوتوݩ بۊین.	you must begin to think of settling down.	you would think enough of yourself.
مو صڌمه وه تو نؽزنوم	I will not harm you.	I told her I couldn't see you.
نه چنوݩ راعت که فرگ إکردوم	nor as comfortable, I am thinking	I've been thinking about it now.
که هر وِی وانومه‌یل خوت نه نۉنسته بۊی تو نه خلق‌خندون إکونن	who plague you if you don't know your lessons	That's why I didn't tell you that everyone laughed.
وا تعجڤ واساڌن	stopped in surprise.	Except for the sense of wonder how people can be found in the world.
فقط عشق هڌه که تره اؽما نه ز ئی دَکادکۊن نجات بڌه	only love will get us through this	It's only love that we've been saved from going round the bend.
مو همؽشه ز صحوت کردن وا دهاتی‌یل خوروَئت إبۊم و خَشحال إبۊم که هونوݩ‌ نه وه حقسوݩ برسونوم	I like talking to the peasants, and am always glad to do them justice.	I was always glad to get out of this anyway, and I was glad to get it back.
ز سَئڌی ٱولی، هونوݩ ره بوردن که او دالۊ	since that first transmission they had found out that the old woman	From the top of the road, they only noticed that she was there.
نوم‌ هر آڌوم لۊئتؽ که بیس سال‌ نهاتر إترستوم وه ویروم یاروم.	remember every fool's name as well as I could twenty years ago.	I'm not going anywhere with a fox who's around six years ago.
رفتارس آروم و خیف بی	his demeanor easy and prepossessing.	It was so tractable and pleasant.
همسو که وا او دئس دیَرس پنڳ وند مؽن ریس	while she scratched his face with the other.	who was to approach him in the most dark and mysterious way
مو بِئتر ز هر کس دیَرؽ دونوم که تو خوت تری خوته زفت کونؽ.	I know better than anyone that you can look after yourself	I know better than anyone to fuck up your sister.
مو ڤه دئسی، مۉسڤ چاس، بؽشتر ز حڌ معمۊل قڌم زیڌوم	I deliberately walked further than usual in my lunch hour	I was thinking about it, my dear Ghanaians, just before the beginning of my struggle.
غیرا اۉرل و آسموݩ چیی نه نؽترئس بوؽنه.	could see nothing but the clouds and sky.	He was not afraid of anything else and didn't want to go.
چنوݩ ظوئر، که هیچ کلیچؽ نتره هو نه‌ واڌاره.	so hot that no fingers can hold it.	so insidious is the repetition of any key.
پورؽ ڤه إحساسل باقی دی، هۊش نؽوند.	little concerned about the feelings of others.	the other was full of sensation, and she did not want to leave it.
إتفاق قاڤل توجهؽ بی	was a remarkable coincidence.	I was looking at this unexpected circumstance
پیاکه پای مورد بی.	the man being stark dead.	had been on tiptoe.
مو خوم همیسو إڤورگردوم	I myself shall turn back at once.	I myself have returned always.
زهلوم إره حق وا تو بۊ.	I am afraid you are right.	I think it was your turn.
جۊر‌ مۉسڤؽ که ڤه دین تصاڌف، مردوم تی ڤه ره دویندور هڌن	as it might be after an accident, when people are waiting for the doctor.	I HAVE to get out of this in some way!
إخوم یه چی وت بڌوم نه‌ چیی زت بئسونوم	I want to give you things, not take things away from you.	I've got something to get out of you.
هو مؽن حموم زندونی وابیڌه بی و چیی نَئَشنؽڌ.	she was locked in the bathroom and did not hear anything.	he had been in his prison and had not heard anything.
ولؽ پروژه ز نۊ هی ٱنجوم‌ ایۉبیڌ	but the project was under way again.	but the drawing plan was drawn to fruition.
ٱمرۊ صحو، همسو که‌ ویڌوم‌ ڤه در 5 دلار ٱنعام داڌومس	I tipped him five dollars when I came out this morning.	That's right, I only had the fifty-five dollar reward.
گاشڌ هو مۉسڤؽ رسیڌه بۊ‌ که مو ز دفتروم کردوم ڤه در	it may have arrived since I left my office	Maybe he's the person in charge who's in charge of my office.
ولؽ سی که شاڌی و اۉش و بۉش مؽن دللسوݩ بی	but because gaiety and mirth were in their hearts	but all in a somewhat decayed condition
مو ڤه زؽنه‌ ستینوم ملحق ایبۊم	I shall rejoin my dear wife.	I was suspended for a while after paying for the animal's support.
ولؽ هو وا ویر بگره که عقل خو‌‌ نه قوۊل کونه.	but he must also learn to accept his brain.	but he seemed to have lost his sanity.
پولیس ڤه کئله‌ی هونوݩ هڌه و ممکنه هر ڌقؽقه بجورسوݩ	the police were in pursuit and might even find them there at any minute.	the cops are on the way, and they can't stop him.
هر‌‌ کسؽ خشباش هو‌ نه إگو، إگوی غیر مستقؽم ڤه اؽما‌ إنتقاڌ‌إکونه	any one who admires him passes an oblique criticism on ourselves.	if they pursued a perfect friendship, they only noticed the ugly word.
خو‌ نه پَئن که بی تِی تش و پوشتسه کرد بی ورس.	spreading himself before the fire with his back towards it	nigh to the man who was apt to doze over your neck and knees.
هونوݩ وا جۊراڤلسوݩ، ڤه پردۊف ز پله‌یل رئڌن بالا	they sprinted in their socks up the marble staircase	They got up stairs without any fuss about where they were.
په هو اوچو خو نه واپۊشَند	so he lay in hiding there.	in spite of her very slight weight gain she began to suffer badly from too much fluid in the tissues of her body
مو ویڌومه تا مردوم نه رَئنیۉتؽ کونوم	I got the call to lead people	I was waiting to try to work up to it.
هو نترست ز نۊ نغارنه	she could not help bursting out again	he could not escape his humiliation.
ٱر هم ڤه هو صڌمه‌یی زیڌوم، شکایتؽ نکه.	if I hurt him, he didn't complain.	if you complained of me anyway.
هو، کور زومبسته نه گشت ز ری صندلؽ واراس که و مؽن هوا واڌاشتس	she lifted the helpless boy clean out of his chair and held him aloft.	he sank, throwing back his veil on the divan, and stared at it, as if he were in the air.
ولؽ مو تا ایسو تو نه نیڌوم بی	but I never saw you.	I'd never thought so much about it before.
خَشکؽ که ترسته بیڌومه وه تو بگوڌومه ولؽ نتروم.	I wisht I could tell you so you'd know, but I can't.	I tried to fuck up what he was telling you, but I'm damned if I sympathize.
نۉنئس که هو در مۉرڌ چه کسؽ صحوت إکونه.	he didn't know who she was talking about	he could not help imagining that he had been deceived
مو ننیَشتوم وه‌ کپر.	I did not look at the cottage.	I couldn't see.
سی ٱنگال وۉبیڌن وا یکولؽ ز خطرل جۊراجۊر	to engage in many perils of various sorts	they were hunters and hunters alike, in spite of the perils of his jaw.
گچ نه داڌ وه هو و واسا.	gave her the chalk, and stood up.	He asked, and he went.
سی که مطمئنوم که دؽنداتر حس بِئترؽ نسبت ڤه مو ڌاری.	because I am sure that you will have a kindlier feeling towards me later on.	I'm sure you'll feel worse than me again.
یه‌ناگه ڤه رفتار قڌیمی خوس ڤورگشت	abruptly resuming his old manner	he suddenly began to recover his good conduct
وایه‌مندوم حس مکونؽن که مو سر قۉر دوینا هی إوَربازوم، ڤه إصطلاح	I hope you don't feel that I'm dancing on the grave of the world, so to speak.	I felt like I couldn't help imagining that I had lost my talent for lying.
ولؽ هو هرگش تی خوس نگوڌ بی که ژاره.	but he had never felt poor	But he didn't always feel like he was alive.
یه بڌبختؽ گپؽ تفاق وسته.	a great misfortune has happened	a poor scrubby midshipman as I am.
تِی خوم نؽگوم که رزگوم.	I don't feel sharp	I tell you I'm not going anywhere.
هو یکولؽ زؽتر ره بورد بی که	he had long ere this realised that	he had added in a tone between jest and earnest.
لڤاسل هو یکولؽ کوئنه و نازک وابیڌه بی و هرگش گرم نبیڌه بی.	his clothing was old and worn thin, and it never had been very warm.	his arms large and slender, and he was never warm.
دروازه‌یل هونوݩ سی شۉ بَئسه بیڌن.	their gate was shut for the night.	They got out of the way and got through the gate.
مو جۊر یه مۉیی هڌوم ڤه در ز اۉ.	I am a fish out of water.	I pushed the door and came in.
راسه که هونوݩ ڤه طئر لیشی اوچو وستن بی ڤه دام	it is true that they were fatally hemmed in there.	the chances that may come to us on the way.
ولؽ سی جواڤ ڤه سوئال سوم که ره نبوردوم زس، گوڌ.	but in reply to the third question which he did not understand said	but I have to get to the answer.
نتروم بئلومس رِوه.	I can't let it go!	I can't help myself and I know it.
هو وا نورفت اۊ چیؽ نه که مر إگو عشقه نه ڤه ویر ٱورد	with loathing she thought of what she meant by that love.	he memorized what he had said to his lover
گاشڌ تو خوت هم وابۊی ڤه یکؽ دی	you yourself might have become a different person.	Maybe you were one and the other.
هو بۊ نه ٱشنؽڌ.	he caught the smell.	He had heard it.
وا هو که، خیفی، تیپ و إرتڤاطل هونواڌه‌ییس، اؽچو.	despite his looks and charm and family connections here	who, if indeed peculiar and virtuous
هو وا تیه‌لس ڤه زندونؽ إشار که.	he indicated the prisoner with his eyes.	He has been in a prison for ten years.
هو یه‌ناگه شرۊع که ڤه ور زیڌن تمیس.	she suddenly commenced chattering fluently.	realized with a shock that he was overpowered
هو هرگش هو نه چؽنوݩ تشوؽق نکه‌ بی.	never had she admired her so much!	who was not sober enough.
هم پیایؽ که ری کارتۊن نشئس بی هم پیاڌ وابیڌ.	while another man, who had been seated on the box, dismounted too	also followed by the man opposite the square
لف، وا شڌت و گشت و پاک ریسس مؽن سروم.	in full heavy swing the torrent poured over me.	I turn around, bewildered and cleaned.
کلومه مو اوشتبا هڌه.	my word is error.	I got promoted.
چنوݩ، بیس و‌ شَش کتاڤ نوشت بی.	so had scratched out twenty six volumes.	He wrote his first book and started looking for a way to do something useful.
هو وا بؽ ٱڌڤی هندست.	she laughed impertinently.	He was waiting for a minute.
مو رئڌوم‌ من مغازه شراڤ فورۊشی اؽچو.	I walked into the wine shop here	I went to the guest room to find an honour!
هیچ وت نیبۊ	no harm can befall you	There was nothing left to eat of him.
خَل وابیڌن یه‌ناگه‌یی باعث ضربه خردن باییس وابیڌ.	a sudden tilt struck her arm up roughly	the loss of a sum of money becomes almost immaterial
یه جۊرایی ز ئی کوتۊله خشوم اؽوَیڌ.	I kind of admired the littlecuss	I woke up like a cloak trailing along the coat.
ولؽ صحاڤ هونه بؽشتر هۊش إوند ڤه کار خوس تا باقی دی!	but the landlord, who minded his own affairs more than other people's	But they're doing their jobs for the rest of their lives.
گمونوم ٱمرۊ ڤه سختی آڌوم ترسته بۊ میره‌یی بئتر ز هو بجۊره.	a better husband one would think could hardly be found nowadays	I think I've been through this before, trying to get a bit out of her.
در خزمتتوݩ هڌوم.	I am at your command.	I've got your coat.
سی هو تۉضیح داڌوم بی که پِته نه وا مستقؽم بڌه ڤه خوم.	explained to him that, my bill was to be rendered to me personally.	I was persuaded that my father was going to be a straightforward man.
ولؽ هو هیچ شاڌی ڤه تی نَیڌ	but he felt no joy.	But he didn't get a chance to do anything about it.
ئی چَمَکورۊ، خَڤر رۊز هڌه.	this funeral is the news of the day.	This way and that, and very important.
هو زۊر که ڤه دئس کورس و فشارس دا.	she pressed her son's hand	pushed her hand, pushed her hand.
ٱمرۊ حلس إکونوم	I'll settle it to day.	I'll get out of this anyway!
شرم نه مؽن سِیل کردنس بنه ڤه گِل	quench the shame in her own.	feeling completely torn by the consciousness of it.
غلوه سۊری داردۊنل وابیڌوم بی.	I missed the woods so much.	I'd hand 'em something much better.
کسؽ که کولمات باهنده نه جَرتؽڌ و إشکندس.	who wrung off the bird's neck	He pushed the door and opened it.
هو گوڌ: چه چی‌یل بلاجوی تفاق ایوفته!	said he, what queer things do happen!	he said, what a jumble!
وا ڤه قانۊنل هو إحترام بلوم.	I have to respect his rules.	to whom I shall make such excuses that she will be led to approve of my delay
سی که مؽن تاقس کارؽ داره که وا همی صحو ٱنجوم وابۊ.	because he has some work at his desk that must be done this morning.	'Cause he's got something to do with him always.
نه هوندا تو سۉئیله و ورورۊ	not so thickheaded or talkative as you are.	before going down she went into the room where the icons hung
نیخوم‌ که تی خوت بگوی که مو زئله‌در هڌوم.	I don't want you to think I am a coward	I don't need to tell you that I've been locked up.
سی که ایسو تعطیلات تموم وابی بی.	for now the holidays were over	'Cause there's no longer any old-fashioned firmness in his speech.
مو نؽخوم کسؽ نه بکوشوم و نیازؽ هم ڤس نڌاروم	I shan't murder anybody, and I've no need of it.	I don't need to kill anyone, and I don't need to tell you.
ز مۉسڤؽ که وا تو آشنا وابیڌوم	since I fell in with you.	I just meant to meet you.
خوس رئڌ تا نومسه ثفت کونه.	went himself to enter his name.	she rose as soon as day dawned.
جواڤس یو بی: ز ٱول آرنڳ خشوم إوَیڌ.	I liked the overture, was his answer.	I have to get out of this anyway!
مؽن واسگَه مندیر اؽما بیڌن.	were waiting for us upon the platform.	had caused irreparable damage to the furniture
مؽن هموچو که جر وابی بی.	at the very place where the battle was fought.	That's what he wanted to do.
مو هو نه ڤه خۊؤی دونئسوم همچونوݩ که‌ همیسو دونومس.	I knew it quite as well as I know it now.	I know he's in a relationship with her always.
فرگؽ زَیڌ ڤه سرس.	an idea struck her.	It seemed like an idea from head to foot.
که ز ری هو، تیله جوۊن هنی هم ڤه داس وابَئسه بی‌.	by which the young cub seemed still tethered to its dam.	who was still young, was hanging from the carriage.
فقط ڤه دلوم‌ آگائه که زنده‌یی طۊلانؽ‌تری‌ مؽن ره دۉری.	I only believe that you have long life before you.	I only wish someone else's life had been a little longer.
ولؽ ز زؽر در نیَشتوم	but I looked through the keyhole	but I'm damned if I sympathize.
تعجڤ کردوم که سی کرت آخر، چه کسؽ ڤس گو بی خه دۊسس داره.	I wondered when the last time someone had told him they loved him was.	I wondered who'd come to his rescue.
کارس تموم وابی بی.	her job was gone!	It was a busy end.
تا سی دو‌ کورس، بئترؽن‌ إمکانل وانوم نهاڌن نه بنه‌ تحت إختیار.	in order to give his two boys the best education possible.	they got to the woodpile that was in front of my tree, and slipped in behind it, and so they had the bulge on the men again.
علفل نمڌار تیار زؽر سا قئله	damp grass right in the shadow of the castle.	he was unwilling to leave it untranslated
چیؽ که تو هیچ زس نۉنی ولؽ مو دونوم.	that you know nothing about, but I do.	You won't have anything to do with me.
ولؽ تو یه کلوم ز ئی نامه نه وازگۊ مکو	but do not breathe a word of this letter	But you have to get a bit out of this letter.
بؽ یو که بنیَرن ڤه یکدو	not looking at one another.	without thinking beyond the immediate cause
هی پلرڌ إکونوم‌ که شؽواتؽ‌ ز اۊ پیا ڤه دئس بیاروم	I'm trying to get a picture of the man himself.	I could see the footsteps in which he walked.
یه ترَیتول تئنا زمؽنومه إستَیڌ	a single tractor took my land.	I've got a little bit of dust.
واقعا ٱئمیتؽ نیڌوم ڤه بچه‌ڌار وابیڌن	I didn't really care about having a baby.	I'm not really interested in seeing that kid.
هو نهاتر جئس بی ڤه بال‌ ماشی.	she was already running toward the car.	he was thinking about it.
مؽن هر چی ماڌی خردوم ڤه موشکل.	I am thwarted in every thing material.	I could do anything about it, if you had anything to say to him.
مڌمۊن سی وایه خیر و پلرڌؽ که سی هو داشتؽ.	for every wish and every endeavour to do her good.	it seemed to himthat everything was fine and pleasant.
خو نه یه طئرؽ نشوݩ إڌا منؽ ز هیچی خڤر نڌاشت.	pretending that she did not know the truth.	show it was no mere irresponsible venture of his hand
ولؽ همؽشه ڤه رۉجل تو گۊش إگروم.	but I'll always listen to your ideas.	but I'll always be in your turn turn bitten by the serpent.
سی که بیمار‌ زس نه راضی بی.	as the patient was dissatisfied with him.	'Cause he was sick of his sight.
هو پورس که آسؽ مله مؽن دریا سیس خۊؤه یا نه!	she asked if sea baths would do her any good	he asked if there were any accused of this crime in that sea!
ولؽ ز بیڌن وا هو‌ إحساس خۊؤی نؽکه.	but she felt ill at ease with her.	But he doesn't feel happy about it.
یکؽس ز وارو تا لم‌ ز نۊ راس وابی بی.	one was dismantled from top to bottom!	One of the doors was hanging from the pipe.
غلوه ز چی‌یل هنؽ وا سایل پۊشنؽڌه وابیڌن بی.	much was still hidden by the shadows.	Most of what he had just heard was a little too curious.
هو، خو‌ نه غرق من زهشتؽ دیڌ.	she let herself be saturated with a soft feeling of relaxation.	he, indeed, saw himself drowning in my life.
منؽ این خوسه.	as if it had been her own.	I am delighted.
پیایل درویڌن و کالسکه نه داڌن که هو ویرس واس بۊ.	the gentlemen jumped out, and the equipage was delivered to his care.	they got out heavily and gave way to the carriage which was broken
پلرڌ که، که هو نه واڌاره.	tried to stand him on it	He insisted he stay in the same attitude.
یه ٱورکوت مهلی کوئنه و پیرکنده کرد بی ڤه‌ ورس.	was wearing a very old and rather moldy looking tailcoat.	And he stood in the midst of his saddle, and took hold of the old saddle.
مو خوم بؽ وانومنؽگار ویر گرئڌوم.	I taught myself.	I took it very carefully in my arms.
ٱمرۊ إخوم پای خشحال بۊم.	to day I mean to be perfectly happy.	I was glad to get out there.
مو ڤه جا هو جواڤ إڌوم.	I will answer for him, count	I have answered him before me.
جۊر پیا کۊرؽ که گۊشس تیزتر اؽبۊ	like a blind man whose hearing becomes more acute.	as a man, who was apt to doze over the grave.
نه بگه فقط شک داشته بۊ که تقرؽبا مطمئن بی.	though he not only doubted but felt almost certain	it was only a doubt that he was almost certain.
زنده‌یی ئی بیس ماه گوڌشته تو چی رۊز سی مو رۊشنه.	your whole life during the past twenty months lies within my knowledge.	That's what you did with my hair for the last six months.
ولؽ گشت کارل منی خو وا خو ٱنجوم گرئڌن.	but it all got done as if of its own accord.	but all my achievements were his own.
فقط هم هو که إنؽ چارده سالس إکرڌ.	only one, who had just turned fourteen	He's only been here for fourteen years.
ڤه اؽسا گوڌوم بی که یه‌پاره‌ولایی نتروم شصخا خوم بوینونتوݩ	I have told you that I cannot receive you myself very often	I told her that if I hadn't had enough of her she'd have to go
ٱر نه گاشڌ کولماتوموݩ بشکه‌هه.	or we shall go breaking our necks	If you leave me, I'll eat my poison.
هنؽ هم إخوم درمۉرڌ هر چی بلاجوی بیَ	I still want to hear about anything odd.	he was like a man, always ready to disobey.
تی هَئنه نشئسوم بی.	I was sitting on the grass bank	I was looking for you again.
هو تئصیم گرئڌ که ڤه هو قۉل بڌه که مؽرس وۉبۊ.	he determined to pledge his word to her to become her husband	He held the theory that he had argued that it was a marriage of affection.
مو و بچه‌یلته ز ویرت مبر.	don't forget me and your children.	I and the baby died.
مطمئن بۊین که ز دؽدن هو خورڤئت إبۊم.	I assure you I shall be happy to see hiM	I'll let you know in advance that I'm going to lend you a massive attack.
وایه‌مندوم که یه می‌هونه خیف سی مو جوسته بۊی.	I hope you found me a nice pub	I thought someone was gonna bother you.
هو حتی یه کلومه هم نیَشنؽڌ.	she wouldn't hear a word.	he had never even heard a word.
مو ڤه هو، بؽشتر ز چیی که ترسته بۊئوم جبران کونوم بڌاکاروم.	I owe her more than I can ever repay.	I on purpose have to make up for the unwanted with the desirable.
هو نشئس بی ڤه گل و پایلسه وا دئس گرئڌ بی.	he sitting on the ground, with his feet in his hands.	he was suspended for a while after paying for the animal's support.
مو ڤه تخت هشار کردوم ولؽ ز بس لڤاس ریسه، جا نشئسن سرس نؽڌ.	I gesture to the bed, but it's covered with clothes.	I ascended to the bed, but sat down on the front steps with my knees.
پیاڌ، ز مؽنجا شَئر گوڌشت	went on foot through the town.	Come on, I'll get your coat.
سی خورڤئتی هو هر کارؽ إکونوم	I would do anything for his happiness!	I've got all my faculties as well as ever I had in my life.
هو ڤه دین یه واساڌن کوچیر، وا آهی جواڤ داڌ.	he rejoined with a sigh, after a short pause.	he answered in a tone between jest and earnest.
ولؽ رفتار هو قاڤل سرزنشت هڌه.	but his his behavior is reprehensible.	but his behavior was so violent.
ز مۉسڤؽ که کوچیر بیڌوم.	ever since I was a child.	I had the incivility to tear such clothes!
نه مهمه که بۉ و دات کۊچنو هڌن.	no matter what your parents were like.	It doesn't matter if you and your mother are in a relationship.
گمونوم بئتره که همؽچو واسوم که اوسو که کارومه تموم کونوم	I guess I'd better stop right here till I've finished.	I think I'm gonna have to get to the end of my job.
مردموݩ ز هو ڤورگشتن، إگوی وا یه دشمن مشترک ری ڤه ری بیڌن.	people turned away from him as from a common enemy.	people turned away, as if they were enemies in common.
ز هو در مۉرڌ سلومتؽس پور کرڌن.	they asked him after his health	They filled the gaps between the two dogs.
تا ز نۊ ری تَلایل وارگه خوت واسی و نیاز گپؽ تو نه درگره.	until you stand once more on the borders of your land, and dire need is on you.	to prevent the recurrence of the recurrence of the unwanted and necessary turnings of the brain.
هونوݩ ره بوردن که وا در مۉرڌ واقعیتل صحوت کونن.	they found they must talk of the actual.	to be able to communicate between space and reality.
وا یو که گشت رۊز نه پیاڌ رئڌوم بی.	though I had been on foot all day	That was totally what I meant to do all day.
وا غِیز ز مؽنجا سالۊن رقص گوڌشت و من جماعت نادیار وۉبی.	stormed off across the dance floor, disappearing into the crowd.	The grief-stricken groaning began on the dance, and I was rendered dumb.
بعڌس، سه کرت در خرد.	then turn around three times	he threw away the leaf that he had picked so peevishly
ڤه دین شوم، خۉ خۊؤی بوردس.	fell sound asleep after dinner.	I forgot it, and left it there.
پنج براڤر کشتی‌یلکه سوئڌن یا غرق وابیڌن.	five times as many ships burnt or sunk.	five shipwrecked or drowning.
ڤه راسی یو دؽندا داستان مونه.	properly speaking that's the end of my story.	It's a straightforward bridge to the end of the story.
هر طئر پیل داڌنی نه هو بخو نه وس پؽشنهاڌ دا.	offering him whatever payment he pleased.	pilfered to him every evening.
مَهَت مو مڌین و مو نه هیاری مکونؽن.	give me no aid or succour	my fault! and my fault!
اوسو سی اؽما دفری هڌه سی تیفتلوݩ.	that will be our time for exploring.	then we had shoved off and given way.
اؽسا فقط اوسو که مۉضۊع غلوه مهوم بۊ ترؽن حرف مو نه بڤورؽن.	you may interrupt me only if it is very urgent.	so that the very best part of my story could be told.
هرگش نؽترست من عورم اؽسا دوروئس تنظیم وۉبۊ.	it could never be set right in your lifetime.	I could no longer be in doubt about that.
هو جواڤ داڌ، من هموݩ حاله‌یی که ریس بؽ حرکت و جۊر مرمر منده بی.	he replied, maintaining a marble immobility of feature.	"He replied, ""I'm in a situation where I can't move faster than I should have."
گاشڌ مجبۊر وۉبۊم که ز شَئر روم	I may be obliged to leave the town.	I might have to go hunting somewhere else.
وا یه پرزؽ تَئلی غارنؽڌوم.	I cried with some bitterness.	I asked a very interesting question.
فقط وا هو مند بی ولؽ هرگش در مۉرڌ عشق وا هو صحوت نکرڌ بی.	remained alone with her, but had never spoken to her of love.	He had only had the management of one end of it, and never had the heart to say any thing about it.
من بڌه بئسون وا آڌوم‌یل تمرؽنوم کم وابیڌه.	I'm out of practice with the whole human thing.	I thought the training was a little bit boring.
یه‌ناگه خشمناک وابیڌوم.	I was suddenly furious	I realized with a shock.
چند صڌا وا یک شرۊع کرڌن ڤه جواڤ داڌن ڤه مترجم.	several voices at once began answering the interpreter.	I translated the whole story in a tone between jest and earnest.
ٱر بۉم هو نه دلخر کرڌ بی.	if my father had offended him	If we had made him feel anything,
مو وا اؽسا ایام سی شوم.	I will come to supper with you.	I shall be about to have been studying it.
خلاصه، منظۊروم گشت چی‌یلؽ هڌه که تری وایه‌سوݩ نه کونؽ.	in short, my meaning is everything you could desire.	I mean, everything just went back the way it was.
بسا هو نڌاشته بۊ.	perhaps she had not.	he might not have been.
وایه‌مندوم که نوفتس نشکئسه بۊ.	hope it broke his nose	I thought he was unwilling.
درجا واسا و دی نڤَرباخت.	giving up at once her gentle dancing movement	He pushed the door and opened it.
بلتا راز مو سی همؽشه یه ماما بمئنه.	mine may remain forever a mystery.	But my secret is always a mystery.
وارسی إنکانات و شرایط مندن مؽن مئمون‌هونه.	the accommodation of the inn inquired into	I'm in a lot of pain that I don't want to say.
هو دیڌ که پیرمرڌ هی وا بؽ‌قراری هی إره او لا و ایا ئی لا.	he found the old gentleman walking to and fro in restless anxiety.	he saw that old man is as surly as a dog.
تی خوم إگوم که کسؽ وا شۉ و رۊ وا هو بۊ.	I have an idea that someone will have to be with him day and night.	I tell you the truth when I'm not with you.
مو ڤه ویروم ایا و واقعا غلوه خورڤَئت بیڌوم.	I recollect and was very happy indeed.	I've been thinking about it and really, I've been thinking about it.
سیکه هو ز گوڌشته دونئس.	for he knew of old	he thought, and stopped short.
ولؽ، ٱلڤت هو تی خوس إگو که مو ئی کار نه کردومه.	but, of course, he believes I did it.	But you say the truth when I'm doing this.
ڤه دیندا چیؽ نرئڌ.	looked no farther.	He didn't see anything.
که هو نڌا نه یَشنؽد.	that she did not hear the appeal	that he had never known.
وا رنڳ ری بالا، لۉئل سوئر، پۊشن موڌ رۊز و سڤیلل.	with a high colour, red lips, fashionably dressed, and moustaches.	in spite of her very slight weight gain she began to suffer badly from too much fluid in the tissues of her body
هو، نه فقط شرایط نۊ نه قڤۊل کرڌ.	he not only accepted the new conditions	he, perhaps it was only to circumstance the circumstance that
ره‌یؽ سی گوروئڌن.	some way of escape	They're gonna have to go back to bed.
ڤه ویرت بۊ که ٱساسل ئی هومسا اینگل مونن.	remember _this_ neighbour's goods are mine.	had been telling him that the principles of the art were so well established
هو هرگش چی‌یلؽ چی یونوݩ نه ٱنجوم نؽڌا.	he'd do nothin' of the sort.	he would hardly have borne them from another man.
ولؽ ڤه دین بئسه وابیڌن، چن دقه ایا ڤه تاق سر إزنه.	but will drop around to the room for a few minutes right after closing.	but they stopped looking at each other, this way and that, and very soon were sleeping.
ٱخوم پیاڌه‌روی کونوم، نتروم اؽچو بشینوم.	I want a walk. I can't stand this sitting about.	I'm going to have to lean on my man, and then I don't know where he's going.
ها، هنؽ تورؽ ز هو نؽڤینوم	yes no trace of him yet I see.	I don't see any point in troubling them further.
گمونوم مر إگوی وا او آڌوم بؽ‌عرضه خش إگوڌردنؽ؟	I suppose you think you'll be enjoying yourself with that oaf?	I think I've been thinking about putting that just here?
چه چیؽ کمتر ناراحت کوننده بی؟؟	what was little less uncomfortable	What was less annoying to him?
خشحال بیڌوم اوسو که همه چی تموم وابیڌ.	I was glad when it was all over.	I was glad to get out of it.
بایی گپسه ٱڤورڌ ڤه لم و هو نه ڤه دوئڌر ونڳ پؽشنهاڌ داڌ.	lowering his big arm he offered it to the slender little girl.	somehow made her usually soft voice heard above the tumult.
مثلا فقط ڤه ئی تفیل که هو مؽن کارهونه کار إکرڌ.	for instance, just because she worked in the mill.	such as the mere irresponsible venture of his hand.
مرگ یه دۊس و جشن نوقره‌یی یکؽ ز شاگرڌل دونسمند.	the death of a friend and the silver anniversary of an eminent pupil.	I heard the death of a prince and celebrated his birthday.
ولؽ هو‌ نه قشنڳ سرهال کونؽن که‌ مو چه منظۊرؽ داروم.	but make him understand what I mean, in the properest way.	but they had the goodness to satisfy me as to this dreadful riot.
یه پاره‌یی ز اؽسا نها یو که کلاس تموم وابۊ، إبینین.	some of you will see before the end of the class.	You'll see a few of the bloodsuckers that will gradually become more skilled in fashion.
یه شیشه و گؽلاس کوچیر اوچو إجۊرین، درجا بیارؽنسوݩ ڤه در.	take out a little phial and a little glass you will find there, quick!	a small box of ours under his arm
ولؽ سیکه پورؽ موهم نؽڌ.	but as it is of no great consequence	But it didn't leave me feeling the unpleasant consequences of that secret.
فقط همیو بی	that was all.	It's just been that way.
زیتر یا دیرتر وا ڤه حقؽقت رسؽم.	sooner or later we must come upon the right.	I'll get up late or late.
سی که ڤه گوڌه وابیڌه.	since I have been told	'Cause he had to remember he said.
ئی پیرمرد خش‌ڤرخورد همؽشه سلومت خۊؤؽ داشته.	this jovial old man had always had good health.	This old man may have fainted and had a miscarriage.
که ز ته تصقیر هو نبیڌه.	which had not been in any degree her own fault	that he had neglected to testify.
سیکه ز بون دل نازوک بی.	for she was naturally tender hearted.	The grief-stricken groaning began on the body.
زؽرس، دورو واپۊشنده‌یه.	the lie lurks beneath it.	pushed her a little way from him
وا قوریَتؽ زئله‌درکوننده، دئس پیا نه وند ری شوݩ راسس.	with terrible strength he drew the man's arm over his right shoulder	And he stood in the midst of his saddle, and took hold of the saddle.
ڤه ویروم ایا ولؽ ڤه سختؽ هۊش وندوم ڤس.	I remember that, but it was hardly noticed.	I remembered once, it's May's birthday.
که نهاتر ڤه راحتؽ ز هۊشس گپ إریسست ڤه در.	which formerly sprang so fluently from her ready wit.	who had come out of his room with great despair
یعنؽ سی یو که هونوݩ نه واڌار کونه که وا شڌت بؽشتری هو نه بنویسن.	for then, to make them write for it more pressingly	A woman with a veil on her face to hide her face.
ولؽ تی خوم‌ إگوڌوم که تئنا یه نکته هڌه که واقعا ٱئمیت داره.	but I felt that there was only one point which really signified.	but you have had the incivility to call me a beggar.
هو مؽن تخت‌‌خۉ داس بی.	he was in his mother' s bed.	He was lying on his bed.
گاشڌ، دو تا سه هزار کس سی خاطر ئی آگهی تڤلیغاتی یوفتن ڤه ره.	maybe two three thousan' folks gets movin' account a this here han'bill.	Maybe there's two or three thousand of people who're thinking about it.
سی رئڌن ڤه بال سزاس.	to go to his punishment	have been telling me what forces are being collected against them!
کۊچنو مؽره‌یلسوݩ وا یک دۊس اؽبیڌن و چندؽ خوروئت بؽڌن.	how their husbands would be friends, and how happy they would be.	somehow made her usually soft voice heard above the tumult.
چن نوکته هڌه که وا مطرحسوݩ کونوم	I have a few points to make.	so you may ask me why I'm not using them
ایسو اعتقاڌلومه سیت گوڌوم	now you have my profession of faith.	I thought you were all dated up.
چنوݩ خل بی که إگوی.	so crooked it looked	so profound was the sensation that he could tell
هومبار و و آروم ز یه جا دئس ڤه یه جا دئس دیه	moving with great deliberation from one hold to the next.	He got up and went to Shame's room before he went down.
گشت ٱنجومس داڌوم	I did it all.	I gave it all.
هو ز ته نؽ‌وابیڌ که ڤه نئر یه عابڌ بڤینی.	she looked very little like a devotee.	He didn't expect you to see a fox.
گوفت‌و‌لوفت ڤه بال کریکت کئشس.	the conversation moved on to cricket.	he began to purr.
مۉسڤی که هونوݩ رئڌن بی.	when they had departed	the chances that may come to us on the way.
مو چیؽ غیر ز محبت و مئر ز هو ڤه خوم نَیڌوم.	I have seen nothing but kindness and affection from her towards myself.	I have done nothing but love and love for him.
آسؽ تا ایسو هوندا حرفل هو خشمناک وابیڌومه؟	did I ever get so angry as over his words.	should I have been even more sorry than I should have said?
هونوݩ وا یه ساعت نهاتر مؽن ره بیڌنه.	they should have been on the trail an hour gone.	they were delayed an hour until they were over an hour
همسو که هو مؽن کاڤین بی.	when she was in the cabin,	the same way he was in the cabin.
ولؽ کاری ز دئس مو نؽڤورا.	but I can't help it.	but all my own work was not well done.
وا ئی حال، همچنوݩ که قانون و کلیسا هو نه إبینن، گنه‌کار و مجرم هڌه.	yet nevertheless, as the law and thechurch see it, guilty of sin and crime.	Yet, as a man of virtue and good sense, he must be a criminal.
که چیؽ بؽشتر در مۉرڌ شجاعت نؽله.	which leaves nothing more to be said on the score of courage	That there is nothing worse than singing.
وا یو که اوشتهاس غلوه بی.	although her appetite was excellent.	seemed the black cloud from which the thunder had come.
هو نوݩ خیرده‌یل منده ز قاغوذ کۉتیسه ری هونوݩ پاشنؽڌ.	he sprinkled the crumbs from his sandwich paper over them	he drew back his neigbbour's son
ز سرما لرسست.	shivered with cold.	He was scared of the cold.
وا بگوم که هو سقاوتمند هڌه.	I must say hes generous.	to tell him that he was sick.
ولؽ هو هنی مؽن خطر گپؽ بی.	but that he was still in great danger.	but he was still in danger.
دوینا مؽن منج غلیظ إسپیڌؽ پیتناڌه وابیڌه بی.	the world was swaddled in a thick white ground fog	had been forced to wear loose pants
هونوݩ مو نه ڤه زۊر اوچو إواڌاشتن.	they would secure me by force.	they asked me why I screamed.
هر کارؽ نه که سۊڌس مؽنس نبیڌ نه ٱنجوم نؽڌا.	for any job of work where there wasn't valuable consideration to be gained.	So from all he had said, he couldn't help himself.
سی نشوݩ داڌن جاگه نجیڤ زاڌه‌یی هو، مؽن کشتی.	to denote his gentlemanly rank on board.	showing the extreme need for a place for him to lodge in
نؽخاسوم فضۊلی کونوم.	I wasn't gettin' nosy	I don't want to be weird.
نتروم بؽ نقاڤ روم ڤه در.	I can't go out otherwise than masked.	I can't help myself and I don't want to go into that room.
گیز و بوق إنیَروم ڤس.	I stare at her dazedly.	I'm sick of the sight of you.
ز ترو مو ڤه در هڌه.	it is past my power.	I've got the nerve to get out of this anyway.
اؽما چن دۉ یکه بۊسیڌیم.	we kissed one another over and over again	we had been looking for a way to do something for him
ڤه دین نزا شورگ، ڤوریستاڌوم.	I rose from the thanksgiving	I stole in on tiptoe.
هو رئڌ که ڤه دینس بگرده‌.	he went to look for him.	He sent to defend his religion.
مر‌إگوم که گاشڌ ٱحمقانه و اوشتبا بۊ.	I am feeling something which is perhaps foolish and wrong	I'm telling you, it might be weird and weird.
هؽشکوم‌ ز او صڌایل نه لازوم بیڌن.	not one of those noises was indispensable	I think the hospital needed extensive further training.
هو رڤه جاگه‌یی ری ڤه ری ده رسی.	he came out into an open place opposite the village	He got up and went to Shame's room before he went down.
پای إشنکندس که مؽن گچ بی، هوشک و سفت ز پؽشس زیڌه بی ڤه در.	her broken leg in its cast stuck out stiffly in front of her.	He heard from the goatherd that he was awake and had a fever.
ولؽ زی ڤوریستاڌ	but waked early	but he had swallowed his mouth.
ڤه همی زی‌یل بچه‌ڌار اؽبۊم	I'm going to have a baby.	I've always been in a relationship with children.
سیکه شؽوات نه ز اوچو بورڌن بی.	for the picture had been removed.	they had left the room several nights ago
تو وا قڤۊلس کونؽ.	you must accept it.	you will do him all the good that lies in your power.
جایؽ که هو حڌۊڌ ده ٱفسر و ژنرل جوئس.	where he found some ten officers and generals.	instead of his subordinates and generals.
هر کارؽ که لازوم هڌه سی تۊ ٱنجوم بڌین	do anything there is to do about the room.	you did all you needed to do.
ره بورڌوم‌ که لیسکل ٱفتۉ من آسموݩ پشک وابیڌه.	any more than the rising sun had rays.	I imagined it was like a cloak trailing in the sky.
نیازؽ نؽڌ ڤه زئله‌در وابیڌن	you needn't fear.	I don't need to get out of this anyway.
ز جریان هۊش و ٱنگۊش رفیقسوݩ پشیموݩ بؽڌن.	regretting their friend's flow of cleverness.	they forgot to hear about it, and their neighbors came to their rescue.
گۊڌوم‌ که وا رئڌن نه سه رۊ بڤنیم ڤه‌ تاخیر.	I said that we must put off going for three days	I told her that if we were delayed three days,
رئیس پوست ٱسپس نه بورڌ مؽن هۉش.	the postmaster turned his horse into the yard	He went to the chief of the police.
وختؽ که سیس سخت بی که باورس‌ کونه.	when he had found it difficult to believe that	While he can barely believe it.
وا یو‌ که رنڳشت درا هم دروَیڌ.	besides, the bell rang.	by virtue of the door keeper of the cemetery.
باعث قزب رۊح وابیڌن مو وابیڌ.	to my infinite terror,	It gave me a kiss to kiss my heart.
دلوم إخو‌ که ئی دۉربال‌ نه ڤس نشوݩ بڌوم.	I'd like to show her around.	I am sorry I have to get out of this anyway.
کارؽ نه ٱنجوم داڌوم‌‌ که سیس راس وابیڌوم بی.	I did the work I was fit for.	I gave the proofs and explanations of what he had said.
سی همیو، گوڌن نومس.	so the mention of his name	'Cause you don't have to say no.
هو خل وابیڌ و مؽن آشیه کیشک‌ره، یه باوینه کوهی ڤورڌاشت.	she stooped down and picked a wild camomile at the edge of the path.	He bent over and picked up the reins.
گشت شیت وابیڌوم بی.	I was perfectly bewildered.	I'd been thinking about it all the time.
خورڤئتوم‌ که ڤه ویروم ایا مۉسڤی نه که کالسکه ره وئس.	I am glad to recollect that when the carrier began to move	I told her I must remember that I was in the carriage.
اوسو، إگوی چیؽ بی که همه جا وا مو بی، دونی؟؟	then something seemed to go all over me, you know	So, do you think everyone was crazy?
موهم‌ نؽڌه که موجازات نه یاروم ڤه لم.	I don't care about lessening the sentence!	I'm not going anywhere with colorful ideas right now.
هو نه وا دسمال پارچه‌یی پای کرڌوم.	I wiped it with a lace handkerchief	I pulled the switch from my pocket.
تفره‌م یونه که هو نه حضۊری بڤینوم و چن نفر دیه نه هم داشته بۊم.	it is my plan to see him personally as well as to have some other people	I was hoping to meet him and see how he would do to me.
ولؽ بی هو که لڤاسلسه ز ورس دراره.	but without taking off her clothes.	But he had to steal his head.
دونوم که نیازؽ نؽڌه ڤه ٱنجوم داڌن ئی کار.	I know you need not	I know you don't need to go back and forth.
هو تره یه جائی سی خوس، مؽن کارهونه مؽروم بجۊره.	he can make a place for himself in my husband's factory.	He thinks he's going to have a job to do.
مؽن ئی دوینا نیبۊ که آڌوم گشت خورڤئت بۊ.	one cannot be completely happy in this world!	I would have been in this world not to have been wholly devoted.
ٱر اجازه بڌین که بگوم‌ یا تاحتی اؽسا دۊس عزیز	if you allow me to say so or yet yours.	if you let me know, dear indeed.
چار کس ترستن بی که خۊ خو‌ نه مؽن دفاع اؽما جا کونن.	four had made good their footing inside our defences	they had the goodness to defend themselves against us.
درجا یَشنؽم.	I instantly recognized	I've been looking for this myself.
هنی تروم صڌاسه مؽن مزگوم بیَشنوم.	I can still hear his voice in my mind.	I heard a thumping sound from my friend again.
إگو که سی اؽسا مڌرکل هر کوم ز‌ هونوݩ نه یاره.	will, produce before you substantiations of every one of them.	if ever that solitary superlative existed
وا حالوم خۊ بۊئه.	I should feel well	I'm doing well.
مو تا اۊچه که دَسوم إره هیاریس إڌوم.	I will help him as much as I can.	I've got all my faculties as well as ever I had in my life.
ایسا وا واسین ڤۉلا اۊسه هو اؽتره واس آشنا بۊ.	you all would stick around for a while and he would have a chance to get to know her.	She introduced him to the piano.
شۉقس ز مؽݩ رَئڌ.	lost his temper	the sun still low
بورؽ ز کلمه‌یل چی یکه ز دین یک اگوڌ.	the same words over and over	so saying the word 'of a deed,' conveyed to the door keeper of the cemetery.
ٱر دس دس کونه.	that if he faltered	Twelve times higher than one of them.
بورگاسه بورد وارو.	then he raises his eyebrows.	he was unwilling to leave it untranslated
بَخت و هات ز دین یک وس ری اکونه.	he should have a run of luck	He got stuck in one of the doors and sat down and then he leaned over the other side of the table.
اۊسه دَنڳسه بورد وارو.	then raising her voice	He held his breath.
هو سنس گفدر ز یو نه که ز ئی چیائو دلکز بۊ.	why, she is too old for such pettishness.	he felt the pulse of his heart which hung from something.
مو کسؽ نؽڌوم که ز هومالی بگرۊسوم.	I'm not one for running away from a challenge.	I had no choice but to get out of this anyway.
هم اومشۉ ز شَئر بکونی‌ وه در.	I want you to get out of this town.	in hopes to improve his mood.
صاف سِیل نها کردوم.	I looked straight ahead.	I asked, my voice a little too curious.
هؽشگه نه متهم مکونین.	so as to throw no blame on any one.	you shall not leave me in that temper.
سی نیَشتن وصیت‌نومه اصرار داروم.	I insist on seeing the will.	I'm going to make a passably good will.
کوتؽ ڤۉلا تر هم اؽڤورؽستیم	now raising myself up again	I stepped over the great western coat.
خوس ز دین مو اۊڤِیڌ وی	where he looked me up	I've got all my faculties as well as ever I had in my life.
سر مو نه کرد وه قَپ	got my head into his mouth.	I covered my head.
مو هم زمندؽ بزنوم	I am left none the worse of it	I'll ask you to sit down.
اما سردیارَل مؽن تارکی خۊ دیار نویڌن	as for the men	but they had neglected to keep their secret in their hearts.
هردتوݩ ویردار بۊین که ز نۊ مزاحم مو نبۊین.	take care, both of you, how you worry me again for nothing.	you were so careful not to disturb me.
گاشڌ حق وا هو وی	that perhaps he was right.	Maybe it was a bit boring.
ٱلوَت گاشڌم مو اٛشتوا کرده بۊم	unless I'm greatly in error.	I may have disobeyed it.
یه ستم و صڌ کار خۊ	a solitary wrongdoing and hundreds of good deeds!	A job full of rusty old face.
رَئڌن بال گلاله بپائن	went off to guard the river bank	they rose as soon as day dawned.
هر چه بۊ هونه پیسنیڌه وی	the house was ramshackle after all	So from all he said,
دلشاڌ ویم که هو زنڳ زیڌه	I was glad she had rung up	He wanted to tell me he was a lady.
وا هؽ که خوس مؽن رۉگه مو نه دی	heard of or saw this.	that you may see how rational I am grown.
فره واس خَش گذشت	he had a very good time.	It was so long since.
هر سا بتریم وایک هومقسه بۊیم	if we can come to terms	I can't do just as I want to here.
راننده ز بؽرین پرده سر کشی وه بشن عقڤ	the cabbie poked his nose through the screen into the rear compartment.	He covered his head and listened carefully.
پای بؽهترین جومه‌سونه کردن وی وه ور	all dressed in their best.	taking him off on tiptoe.
هو نه بوردن وابا خو	to engulf himself with her.	He was carrying it away.
وس گوڌوم کس دونڳ واس نؽڌه	I replied that she would not be harmed.	I told her she wasn't there.
مو ز ایسا نؽ‌خوم که نها هؽ نه بیِرین، بلام زتوݩ ایخوم که ز ۊیر مبرینس	I don't expect you to stop it, but I do expect you to remember it!	I'm not at liberty to discuss my patients, but I must remember that I'm going to have to expel as many of you as possible as soon as possible.
که هم خلاس نکرده	the end of which is still in suspense	which had never prospered either in his hands or in those of his mother
زیتر اٛطلاعاتؽ دباره‌س وه دس آوردم وی	I had heard of it before.	I slapped him in the face with my free hand.
مَنی ئی بختو هم واس یار نوی	though there seemed no chance	not to be wholly without prospect of a meeting.
ز پوپ سر تا داون پاسونه ٱرس شَم گرؽ وی	smeared from head to foot with tallow drippings	From the top of the papa's head to the bottom of the pavement.
وا غلوڤه ٱذیتت کرده بۊم	I must have hurt you very much.	I'd given her a kiss.
پای سقف شؽ ویڌ بی	the ceiling blackened.	He was on the roof.
داون اۊ ٱفتاو تون سعت سه دم پسیݩ	burning under the infernal three o' clock sun	then going down she went into the room where the icons hung
دؽ نهنڳ وی که جنڳ ببوره	it wasn't long before the war was over	than to lead one to love thee who abhors thee now.
که دلیل خو کوشی هو چه ویڌه؟	if anyone knew the reason for the suicide.	That's why he wanted to drink water?
دس کم تِئنائی سی تو هم چن مونؽ لیشه	solitude is at least as bad for you as it is for me.	your own happiness is much less than that of any dog.
وه تشنِی و گوشنِی و گرما و لوئر	in hunger and thirst, cold and heat,	He was alert and alert and went upstairs.
زنجیل بلاجیمیؽ که هرچه نه وه چی دیرؽ اؽڌیسنه	the mysterious chain that links one thing to another,	a chain of men, held together, long since they were so late.
ئی پیائو هم چن مونؽ ز گئوم بڌس ایاوه	hated his brother with a hatred as strong as mine.	This man is in my turn bitten by the serpent whose tortuous course
جوݩڌار ویردارؽ نؽ که هؽ نه نِزمِیڌه بۊ	there is no living being who has not done it.	cannot help imagining that he had neglected to testify
وا هَرده دَسس ڤِیلا ڤۉلا سویلسه گرؽ و پؽت دا	with his elbows raised squarely, he twisted both ends of his flaming moustaches	He got up and went to the villa.
هم چن دقؽقه نرَئ وی که هۉال پؽچس	WITHIN a few minutes the news had spread	not so long since he had fully recovered his good opinion.
وانومنؽگارل خۊئؽ داشتن و کم و کَرسؽ نوی	with proper masters, and could want nothing more.	they had a mind of iron and steel and milk poison.
هرگش نمیڌوم وی ری شخص راسیؽ کلیت کنی	I've never seen you obsess over a real person.	I never asked him to do anything about it.
سی همؽشه بَستس	she lost no time in putting a stop to it.	'Cause he's always been in a relationship with her.
ایسخ ٱر ئی دۉلمَن رۊزؽ دَس پتی ویڌه	if the said rich man was once on a time poor	He was forced to wear loose pants for the rest of his life.
ڤورگردین وه دومن ویر آزا	return to the bosom of common sense	You'll have to go back to her room.
دؽ وه ئی چیائو فرگ نؽکونم	she would not think about them	I don't think I could think of it any more.
راسس چونوݩ هم خومه رنڳیݩ نکردم	I mean, I haven't really made much effort	I have argued it myself.
اۉرِیم رَئ!	it's just been such a shock.	I'm running a fever!
هو هم رَئ و دره نها	he went out, closing the door after hiM	He's back and forth.
وا ئی همه زس عذرخهی نکم	I didn't ask her forgiveness.	I'm not going anywhere with excuses.
تمه دارم که ز ڤورا بَئر خوم درام	I hope to do mine.	I hope I find my way out by blind luck.
ٱما غلوڤه تش تشۊ و بڌ گله	but of a morose and sour complexion.	But he swallowed his mouth and opened it.
رَئ بارت لاش اڌوارد	he threw himself upon the body of the child	He took his place in the body.
باگ ناره ٱر ایخوی ڤورگردی وه فرۊشگه	I don't mind going back to the store.	she returned with the same unperturbed keenness of eye and the same high natural color.
تو هنه وا پیا دۉلمنؽ ایری وه در	you're going out to dinner with a multimillionaire.	You're looking for a way to get out of this guy.
دوئڌر بورگاسه وَن وارو	she knitted her brow	the front two clutching him tightly
هم دس کرد وه کوڤؽر نهاڌه	began another laugh.	He covered himself.
چی دنونؽ وَسته‌ وه در	stickin' out like a tooth.	walked into the room
پورسم کرد که سی رَئمه وه دیڌنس	asked me the object of my visit.	I asked if you'd seen me.
دره ز بؽری زوَرد بستوم	I bolted the door.	I tied it to the other side of his collar
جۊرؽ اۉرِی وَردا وی	but it left a sort of nagging uneasiness behind.	so insidious is the repetition of the hour of appointment for the following night
وا رۊڌون گپؽ که خۊ تربیت ویڌن وی	their children grown and well behaved	in obedience to the dog's head, trained and good.
دؽ چیؽ نه ز بنومی خو نگوڌوم	not mentioning a word of my disgrace	I didn't say any thing about it.
وا توم و تَئلی گوڌ حاضرم رایگان بڌَرنمس	I'd like to give it away, he added bitterly.	So you and I were willing to wait, and I was willing to wait.
چَن گوم ز دین مو اوڤیڌ	she took a few steps after me.	I rose as soon as day dawned.
ئی همه وخته، ایما هیچ هۉالؽ ز شۊرشکارون جوݩ وه دَر بورڌه نشنؽڌؽم	all this time we heard nothing of the three surviving mutineers.	We've never heard any fuss about what he's doing this whole time.
پای زونی زنین وه دۉرس	kneel down kneel round her	He got up on the divan.
یه وَختؽ وا ڤا هونونؽ که دلته زسوݩ دیری کنی یک بگری	you sometimes have to join forces with those you'd rather avoid.	And they got to the woodpile that was in front of my tree, and slipped in behind it, and so they had the bulge on the men again.
جائؽ که درؽ بارت پاگرد واز وی	where a door stood open onto the landing.	the place where the door was to be lawfully shut.
سی یه دموݩ مَنِستوم	I thought about that for a moment.	I've been looking for a woman.
هو ز سر پله‌یل وازگۊ کرد	he repeated from the steps.	He got up the ladder.
رک زِیڌ وه مرکس	leaned on his elbows	he suddenly fell asleep.
حتی پشۊئؽ هم نوی	not even a cat.	He doesn't even think about it.
دؽ چیؽ سی زفت کردݩ واسوݩ نوی	there was no longer anything to spare.	he threw away the leaf that he had picked so peevishly
تاته‌زاس ٱروَت مَند	the cousin staggered	the old man is as surly as a dog.
وا ئی حاله، جۊرؽ که تو خوَشت ایا	however, just as you like.	Yet, in its own way.
که ز گوشنِی رَئن وی وه نؽس	who had perished from hunger.	that he had not had time to dream anything.
بۊ خوم گرت لیله داغ مؽن هوا وی	the raw smell of hot dust was in the air.	I caught a little gasp in the air.
بِین وابایک یه دله شراو کوئنه ڤوراسنیم	let's go drink a bottle of old wine together.	Let's get out of this anyway and try to work up to it.
وه آنؽ پای چار تیه وین ڤور دوئڌرس	one's eye moved on quickly to her daughter	He leaned his foot against the jamb and listened carefully.
اما هرگش کسؽ ز هؽ واپؽش تر نؽره، سی که چی بؽشدرؽ سی گوڌݩ نؽ	but no one ever gets any further than that, for there is nothing more to say.	but no one came out of his wand to tell him what he had been telling him.
ز گورۊخڌن قوربونی تیارؽ اؽترسست	afraid of letting a ready victim escape	he was terrified of the sight of themselves.
دلکزی و رنج یه سالؽ که رَئ، نتَرِس وی هرنڳ پَئلڤونیسه بتۊزنه یا وه سخونل پورهرنڳس لَتمه بزنه	not in one year's space, by any sorrow, could his athletic strength be quelled or his vigorous prime blighted.	the heart of a married man now fully devoted to him
گؽلاس دیَرؽ سی خو پور کرد	poured out another glassful of brandy	filled the glass with a thin back mustache.
وا شرموندیی زیڌ سئرا.	he stomped out looking embarrassed.	feeling the unpleasant consequences of that secret
وؽرتوݩ وا کارؽ که کنؽن بۊ.	observe what you do.	And he returned to his job.
گوی ز تیکشت و دورونگشت خوسوݩ هم هۋف داشتن.	as if they were afraid to hear the sound of their own voices.	It's as if they've all climbed the same ladder.
گوی که هؽچ وقتؽ نگوڌشت بؽ.	like no time at all had passed.	as if there were no time to find out.
منه یه تۊ کۊچیر بیار وابؽم.	I woke up in a small room.	I should like to have been with you.
یهۉ قلبس وی به درد و ناخوش وابؽڌ.	suddenly her heart was sick.	his heart was in pain and sick.
مو ترستوم هر چیی نه تحمل کونوم.	I could have borne any thing.	I was afraid to bear it all.
مو تروم تو نه جۊر یه کتاؤ خونوم.	I can read you like a book.	I love you like a dog.
دؽ نترست خوراک خوره و دلس هؽچی نؽکشیڌ.	she lost her appetite	he could no longer eat, and there was nothing in his heart.
دؽندا بؽ هو که چیی گوڌه بۊ.	finally without saying a word	then, quite overpowered by what he had said.
یه کرت دؽ زنگ زیڌه وابؽ.	the bell rang once more	I need to refresh my brain.
رؽس خل وابؽڌ و دؽ که هو بخوه.	he bent over her and saw that she was asleep.	he bent over and picked it up.
کس دیری منه ای بئسا دخالت نکونه.	that no other spiritual aid should be called in.	He's not interested in anyone else.
سی هو که دونست که مقامات اشتؤا کونن.	for he knew that the authorities were wrong.	'Cause he knew he was wrong.
خزمتکاری پس مؽز خل وابیده بی و شمعی نه مؽن کلیچل راست بیمار گرهڌه بی	a wax taper had been thrust between forefinger and thumb, and an old servant, bending over from behind the chair, held it in position.	he was rendered dumb by the door keeper of the cemetery
پایل دراز وه بارت نهای لڤه وال کله و سرؽ که منی جوخۊنه وابیڌه بی	legs thrust far forward, the wide brim of his hat set far back, making a sort of halo for his head.	The grief-stricken groaning began on the roof and stopped looking at me.
مؽن ئی هونه سه یه کار نه‌دیار هی ٱنجوم‌ إبۊ که آخرس اؽما ره إبریم زس.	there is some secret business going on in this house of gloom which sooner or later we shall get to the bottom of.	It was another job for me to get used to it before I was out of the way.
هومبار هی ڤه بال ڤه‌دریِ پَرز گولل خش‌بۊ ره إرئڌ.	walked slowly up and down on the outer side of the sweetbriar fence	the scent of a half plucked turkey.
هو تمومس کرڌ. چیلس ز همؽشه وازتر بی مۉسڤ هنده.	he finished, smiling more broadly than ever.	He did it. His heart was still in the water.
اوسو که هو وا لنگل بلوند وَیڌ مؽن دۉ و ز ری چمنل گوڌشت.	when she came striding into view across the lawn	he had some other feelings towards women than towards grouse and foxes
یو که ٱر هو صحاڤ هونه بۊ، واقعا جای دیه‌یی سی مو نڌاشت.	that if he the landlord really had no other place for me	who, if indeed peculiarly, had never been in my place
إخوم اوچو بۊم اوسو که همه یه‌ناگه ره إبرن که گشت یونوݩ سی چه بیڌه.	I want to be there when every one suddenly understands what it has all been for.	I remembered once, it's May's birthday.
هو، مۉسڤ وستن ز دئس گونڳ‌گز، مچ پاس پیت خه بی.	he had sprained his ankle when the spider had dropped him.	He was suspended for a while after paying for the animal's support.
ولی ساعت وابیڌ بی ده و پنج دقه کم و دورگل‌ هنی لڤاساسوݩ نه نکرڌن بی ڤه ور.	but it was already five minutes to ten, and the girls were not yet dressed.	but after eight o'clock and after five minutes' hard work, they broke apart.
هو وا إراڌه قاطع رهڌ مؽن کلیسا.	he resolutely entered the church.	he went to the church with a loud voice.
وا خوته وا ویالۊن بنوازی، اوسو خوته رسونی ڤه محل پوست.	one must set one's own fantasy to the violin, and carry one's self to the post.	And he stood in the midst of his saddle, and took hold of the saddle.
زیتر قیچی نه بجۊر نه یو که گشت شۉ نه در مۉرڌس گپ زنی.	fine de scissors without takin' all night 'bout it.	with a little girl once, who has been around and cried all night.
مؽن مۉرڌل چینونؽ، رۊشن کرڌن همه چی، ئی تصور نه راس إکونه که نهاتر ز هو، دو ری بیڌن و فریڤ‌کاری بیڌه.	in such cases the complete revelation always produces the impression of a previous duplicity.	they looked at each other with the same unperturbed keenness of eye and the same high natural color.
هو وا دو مساله وا ٱئمیت غلوه زیاڌ ٱنگال بی.	he had been engaged in two affairs of the utmost importance	he was unwilling to leave it untranslated
شۉ دیر و درازی که بیار مند بی تا گه، گۊشلسه تیز کرڌ بی تا صڌای کلیت هو نه مؽن قولف بیَشنه.	a long night during which she lay awake until dawn, her ears strained to hear his key in the latch.	The grief-stricken groaning began on the island, and he got up early the next morning after paying for the animal's support.
تصور کوݩ کلیسایی نه که بنکۊ کورس‌ مؽن دئسل گپؽ ناڌه‌یه.	suppose a church whose choir is grasped in a gigantic hand	the church was conjectured to have neglected to sit down on the steps.
مو صڌای بولغۊره‌ی گوگ نه در ٱڤورڌوم.	I did the wolf whined	I heard a little gasp.
بؽ‌دونڳی ز هر دو‌ بال.	silence on both sides.	without the sound of any scene from which she did not return.
سی که نه آسموݩ آفریڌه و نه جهندوم دیڌه که کسی ترسته بۊ‌ مو نه زئله‌در کونه یا بترسنه.	as neither heaven has created nor hell seen any that can daunt or intimidate me,	'Cause he's got nothing to fear of me.
هو و دام وا یک تَی نرده‌یل قڌم زیڌن	my mother and he had another stroll by the sweetbriar	He and my mother were very similar.
وا پسکۊؤِیت و چی سوئر ۉابیڌه.	over biscuit and fried junk.	in spite of her very slight weight gain she began to suffer badly from too much fluid in the tissues of her body
اوسو، هو بیس پنج هزار تاج طلا که هر کومس ٱرزشتس حڌۊڌ هشتاڌ هزار فرانک ز پیل اؽما بی نه ناڌ ری یک.	then he piled up twenty five thousand crowns each worth about eighty francs of our money	Then he brought us five thousand gold crowns, and each one raised his head to spend eighteen thousand francs on us.
مؽن همی دیسه، کسؽ هو‌نه ز وضعیت یه شاگرڌ ڤه مۉقعیت مئموݩ‌هونه نشین نن سالۊن إرتقا داڌ بی.	somebody had lately raised her from the condition of scholar to that of parlour boarder.	I've always been in a relationship with someone who's in a relationship with someone else.
چیؽ که سی مۉجل صۉتی غلوه نفۊذنپذیر و سی سیزنل مهلی تِنگ بی	something that was too impenetrable for ultrasounds, too tough for needles.	Obviously not in the best sense that a woman's heart has become swollen shut.
ولؽ بئل که وا خشحالی خو نه بئله که چنوݩ خرج کونه و خرج وابۊ	but let him cheerfully allow himself to spend and be spent in that way.	but all in a somewhat decayed condition
هو خۊ شکالسه وازمۉئی بی، او گونڳ‌گز پیر و فربه	she had gauged her quarry well, the gross old spider.	he was hunched, as if with age or weakness
یه‌پرزؽ جگا منده بی	standing a little apart	A woman murdered in our district.
هو تنڳ‌نفس رئڌ مؽن جا شولۊ و سه‌یی که ڤه تئله‌خاری ایوابیڌ اوچو حرکت کونه آڌوم.	he went panting into the confused and gloomy place where there was barely room to move.	He pulled the switch and drew the switch for me to drive the car.
چینوݩ، من بونبئس رئڌ بی ۉ نۉنئس که وا کۊچنو ٱڌامه بڌه	checkmated in this general way, was at a loss as to how to proceed.	I rose as soon as day dawned, and I remembered what he had said.
ز هو بخو که عبا نه بیاره	ask her for the sable cloak.	than if he would to take the heavy luggage into his womb.
یا هو نه شکست إڌوم و کاری إکونوم ڤه پیشمونی‌ یوفته	or, in short, vanquish and subdue him	or I gave him the proofs and explanations of what he had said.
هو پورسی: دنگس وه زهله و تلواسه هوشک و گرهڌه بیڌ	I should be in heels, of course, she says, without stopping.	He was sober and sober.
مو هرگش وسؽله‌یی سی مؽن‌دئسی کرڌن و ڤه پخۉ زیڌن مردمون آزڤ نیبۊم	I would never be an instrument of bringing a free and brave people into slavery.	I was spared the humiliation.
که سی اۊ خشۊنتل و قسمل بؽ‌ثمر خرج إکرد	on which he was expending fruitless oaths and violence	That's why he took the heavy luggage to my house.
ما مؽن گشت عورموم وا داڌگایل غریڤ بیڌوم	I had been hitherto, all my life, a stranger to courts.	I've been thinking about it all my time.
نچی ٱر رفیقل آڌوم سی هر کارؽ که إخاسن ٱنجوم بڌن موناسڤ بیڌن.	especially if one's friends were invariably fit for any function they desired to undertake!	I have nothing but friends, for what they want to do.
یه پرزی ریسه اۉ و هوا مرت‌پۊس که بی ولؽ نه مَئلی	a little weather beaten to be sure but not much	A rose-colored question asked, and the air inside fell.
تیه‌لی کوچیر و برچه‌زن داشت و فیس إکرد.	she had little eyes, sparkling like beads, and an effusive manner.	He had a little sister and kissed her cheek.
ژستت، حرکتت	your gesture, your movement	Jig, move.
هو هومبار گوڌ بِئتره یه‌پچه چی سیت بیاروم و بایی‌یلمه ز دۉر کڌس واز کرد	I'd better find some food for you, he said in a quiet voice, and he gently unwound my arms.	he gratified me with a tiny needle, and took me out of the room.
تا اوچو که هو نه یکولؽ بؽشتر دۊس داشت	partly because he liked it best	Until the day when the daughters will stretch out their shirts.
وال، ز نۊ ز اۉ کرد ڤه در و ایسو پؽشتر ز قایق سگاری‌یل بی.	the whale rose again, and being now in advance of the smoker's boat	But he pushed the door and came in front of the boat.
همسونؽ که هو یکؽ ز کلیچل غوتسه نهاڌ بی مؽن دئس بچه، بچه‌که هم هی ری پؽشخون إباخت.	as her father put one of his fat fingers into the hand of the child she was dancing on the counter.	how she would ordered a large box for a child, a boy who was her niece.
جون هَڤڌه کس ز مردل هیپنیولا نه گرئڌ بی.	that had cost already the lives of seventeen men from the HISPANIOLA.	Jean-Val Jean had left the room after a few hours in isolation.
که فقط اوچو یه زلۊ و پتۊیی بی که بؽشتر منی ز کوئنه راس وابیڌه بی تا پشم!	which merely consisted of a rush mat and a blanket that looked as if it was of threadbare canvas rather than of wool.	that it was only to be overcome by a slip of the tongue and a slip of the tongue with a curved head!
رهرۉیل دراز و باریک هو، لیل ز زهشت و قڌاست بیڌن.	its dark high corridors awash with quietness and a tangible holiness.	The thin-legged elephant was hidden between the two dogs.
وه خۊئی وا دشکه‌یل کنفؽ که خوم راس کردوم بی، دوئڌه وابیڌن بی.	well stitched together with hempen threads of my own making.	that they had been touched by the same desire as I had for them.
مر یو که پئلوونؽ مؽن دۉ خو نه بلا کرده بۊ.	unless indeed it be that the victor have lost his own in the combat	the man who had ruined his own happiness.
هو نه واز کرد، سه تا نۉت ٱورڌ وه در و نهاڌسوݩ سر‌ مؽز.	opened it, drew out three bank bills, which he laid on thetable.	he threw it, threw it into the water, and dragged it, stiff and straight.
وظیفه‌ی اؽسا پیایل یو نه که وه مجرم بیڌن متهم شک کونؽن	it will be the duty of you gentlemen to givethe defendant the benefit of the doubt raised.	It's the duty of a man to doubt his crimes.
إگوی خوروئتی ٱبڌیس ڤه رنڳ پرته‌یل و یه کارتۊن قڌیمی بَئسه بی.	it was as though her eternal happiness depended on the color of her hangings or the shape of an old chest.	as if he had lost his color in a bag full of rusty old wooden handle.
که نِسم دیَرس این یه نیزه‌ڌارؽ هڌه.	that the other half belongs to a certain harpooneer.	of whom I shall make such excuses that she will be led to approve of my delay
هو سرسه وا پلل کرنجی بورد ڤه بال زونی‌یلس و وا هندس گشت نۊ‌ نه پور‌ که.	she bent her curly head to her knees and made the whole room ring with her laughter.	He held his breath in his chest and listened carefully.
ٱنِدی وا بجوم‌ ڤه بال در نگئبونؽ.	or else I must run round to the porter's lodge.	you shall not leave me in that temper.
ولؽ ڤه دین قضیه‌ تۊر وابیڌن ٱسپ شاه، هونوݩ پیاڌ وابیڌن و رئڌن تِیس.	but upon the accident that happened to the emperor's horse, they alighted, and came near his person	but upon a strict review of the matter, they repeated and repeated with the same unperturbed keenness of eye and the same high natural color.
همسو که سرسه ورد وارو و تیه‌لس ره تی سِیل کرڌن وا نۉاومیڌی و بؽ ناس.	when, looking up, her eyes met his dull despairing glance	who was to approach him and how.
هر وَی دفر دیڌیم، حقؽقت نه درمۉرڌ هو إگویم.	when the occasionpresents itself, we tell the truth about it.	we shall do all we can to do our duty to honour him
ولؽ مرإگوڌوم یو بؽشتر سی حسیڌی طڤیعی بۊ تا ناگرۊنی دایی.	but I thought it was due to a very natural jealousy rather than to maternal solicitude.	but I told her that it was all done to make her usually soft voice.
که نۉعی نۊ و واروتر ز قوریَت بی.	which was a new and higher kind of strength.	that he was not sober enough to carry it through.
سی که وا سه جوفت اورسی که داڌ بی ڤه هو نه هم حساڤ إکرد و زس بستَیڌسونه.	for there were to be taken into account and deducted three pairs of shoes he had given him	'Cause he had to deal with these three types of angles and try to work up to it.
چونوݩ که بخوی سیت لڤاس إکونوم ڤه ور.	I'll dress him up for you as fine as you please.	Because I'm going to have to expel as many of you as possible as soon as possible to save myself from going round the bend.
ولؽ وال شل، بؽ دونڳ، فر گرئڌنسه دؽنداگر که و وا سرعت بؽشتری دیر حرکت که.	but the stricken whale, without at all sounding, still continued his horizontal flight, with added fleetness.	but, quite overpowered by fatigue and the fumes of the tobacco, suffered to suffer badly from too much fluid in the tissues of his body.
رئیس بال دیَر پرز نه پؽشنهاڌ داڌ ڤس.	the president offered him the side of the railing	The chief asked the question again.
مو درخاس إکونوم که ئی پۊمصڌ گولڌنتوݩ نه ڤتوݩ ڤورگردنوم.	I also beg to return you your five hundred gulden.	I'm willing to go back and forth with this exciting scheme.
ڤه عنوان کسونؽ که قوربۊنی یه تقلب لیش وابیڌن بی‌.	as being the dupes of a wily fraud	titled on the pretext that the victim had been tortured
یو یه بحران زی‌گوڌرد هڌه، گاشڌ سی بیماریت بۊ.	it's a passing crisis, it's the result of your illness, perhaps.	If that's a medical emergency, you might be sick of the disease.
ولؽ جۊر پیایلؽ که سۊئار قاطرل کشیشل إرئڌن	but like men who rode canons' mules	but that the same man who had come to the castle
ولؽ من ئی دکادکۊم، نوا هؽچ نشونی نڌیڌ گرئڌه وۉبۊ.	but no indication should be neglected in this terrible situation.	I made a pretext to come into the shop.
ولؽ ڤه جا یو که وا بارۊت پور وۉبیڌه بۊ، گمون إرئڌ که وا لۉڌانوم پور وۉبیڌه.	but, which, instead of containing gunpowder, was supposed to be charged with laudanum.	but instead of being overpowered by fatigue, they began to think of me as if it were too crowded.
ز ویروم رئڌ که قاغوز جذب جۉئر ۉا خوم بیاروم و خوڌکاروم پس زَیڌ.	I forgot to take any blotting paper and my fountain pen leaked.	I forgot it was a bit boring myself and a bit boring myself.
مئر پرورڌگار سی لۉهنده وا شفقتس.	the divine goodness of her smile of compassion.	It was his brother who showed him his sympathy.
ئی کار نه چونوݩ دینداسه گرئڌ که منی هی نزا إکرد.	having kept this up as long as one would be saying a credo	This unexpected event struck me so unexpectedly.
هو من وضعیت هیجان زیڌه‌یی جۊر یه سلار من دۉ بی که.	who was in the excited condition of a commander on a battlefield to	he was in a state of excitement like mine.
میخلؽ که بایی چپومه ڤه گل وصل کرڌن بی نه در ٱڤورڌوم.	wrench out the pegs that fastened my left arm to the ground.	The grief-stricken groaning began on my left.
ٱر بنیَرؽن، مطمئنوم سَمَل جۊرواجۊرؽ من هونه إجۊرین.	if you look around, I'm sure you'll find various poisons in the house.	If you leave me, I'm sure you'll find me in trouble.
پیائؽ وا ٱقه قئوه‌یی، تقرؽبا چِئل ساله، که اوسو که رپشت پایلسه یَشنؽڌ، وا سرعت ز آشپزهونه گوروئڌ.	a man with a brown collar, about forty years old, who, at the sound of her step, had quickly escaped through the kitchen.	The man was almost six years old when he heard the rhythm of the dance, and he hurriedly disobeyed.
ولؽ منظۊروم یو بی که ڤه چی بلاجوی که یه‌نخات ڤه هونه نهنڳ‌تر بۊ، هشار کونوم.	but I was meanin' anythin' unusual a bit nearer home	But I think I'm going to have to expel as many of you as possible as soon as possible to save myself from going round the bend.
کورس و وانومنؽگار خصۊصی او کور.	his son, and the boy's tutor	He got up and went to Shame's room before he went down.
تَلایه دئرستن مو ز یه آڌوم میرۊ ڤه یه آڌوم ممیرۊ.	the brink of my transformation from mortal to immortal.	I rose as soon as day dawned.
هو هم دیڌه وابی و هم ٱشنؽڌه.	he was both seen and heard	he had seen and heard.
تره گیز وابۊ و ز ره خو ڤه در وابۊ و شکئس خوره.	it can become confused, thrown off the track, and defeated.	he bent over the room and broke his arm.
دئسسه ڤه بال قندون دراز کرڌ.	reached for the sugar bowl	found him lying on his knees
همسونؽ که ز مؽنجا هونوݩ إگوڌشتوم، یه‌ناگه خو نه مؽن سهونی نرمون دارل غڤَل دیڌوم.	passing through them, I found myself at once in the twilight of close ranked trees.	I recognized the same desire as he had for me, and suddenly I fell swamping back into the softwood tree.
گشت یونوݩ وا مشورت کشیش و آرشگر ٱنجوم وابیڌ که نهاتر واسوݩ در مۉرڌس صحوت کرڌ بی.	all by the advice of the curate and barber, with whom he had previously discussed the subject.	were all consulted to the chief and to the chieftain, for whom he had heard much presently
چنوݩ برچ إزیڌن که وا باقی دی لڤاسل هو یه‌دئس بیڌن.	so brightly polished that, matching as they did the rest of his apparel	so insidious is the repetition of any repetition of the hour of appointment for the following night
دی و تاحتی بلازه‌یلس اوچو هی کۊر اؽوابیڌن	the smoke and even the flames of which could be seen in the failing twilight	they got to the woodpile that was in front of my tree, and slipped in behind it, and so they had the bulge on the men again.
خۊمه ز سائسن وا آهن.	raw from the chafing of the iron.	I'm sick of the sight of you.
هو پیایؽ نه دیڌ که مؽن دالۊن هی ڤه ره إرئڌ.	she saw a man coming along the hall.	saw a man who was standing in front of my table
بؽ ریسک شصخی و بی هزینه غلوه کرڌن سی پیلس.	without a certain amount of personal risk and without a great profusion in spending his money.	without the more ceremony and without the more ceremony of judgement.
بمئنؽن تا کرمل لیله‌یی نه ز میزل بتراشنؽن.	stay behind to scrape tubeworms off the desks.	They got to the green grass on the other side of the table.
آسؽ هو قڤۊل دار نبی که ز نفۊذ خوس سی ڤه دئس ٱڤورڌن هو سیس إستفاڌه کونه؟	would not she give him her influence in procuring it?	Could he not conjecture that he should be discharged as many of you as possible as soon as possible to cause him to suffer badly from too much fluid in the tissues of his body?
هو مؽن جواڤ گوڌ که جارۊ کرڌن عرشه نه کار هونه و هو نه ٱنجوم نؽڌه.	he answered him saying that sweeping the deck was not his business, and he would not do it.	he replied that the reason for the delay was that he had neglected to testify.
دۊش إعتراف کرڌوم که مرإگوڌوم که نومؽ کۊتا هڌه.	I thought it was rather a short name, yesterday,' I confessed.	I admited that I had died rather than being crushed.
ضرب پا یه ٱسپ سینه‌سه إشکند ۉ یه بوری ز مرڌموݩ غرؽڤه هو نه مؽنجا خیاڤوݩ مورده دیڌن.	kick of a horse crushed his chest and a crowd of outsiders saw him die in the middle of the street	they got to the woodpile that was in front of my tree, and slipped in behind it, and so they had the bulge on the men again.
ولؽ نه ڤه هؽچ مۉرڌ خاصی که مو ڤس ڤه سرافت بیڌوم	but not to any particular one that I knew of.	but thanks to a certain strange circumstance which I had already noted.
گشت زنوݩ وا رن مؽن تۊ زؽر شؽڤۊنی که نهاتر ذکر وابیڌه.	that all the women should retire to the garret that has been already mentioned	all the women in the district were forced to wear loose pants after mentioning them.
کله‌گیسی ز هموݩ مخمل	a montera of the same velvet.	mules were hitched, their heads bowed against him.
تا‌ وا یه فورۊشنده کول که گشت لاشسه ری یه صندلی بچه‌گونه ونده بی، صحوت کونه.	to address a salesman of small stature, who had squeezed as much of his person into a child's chair as the chair would hold	to place the whole body on a small chair
که ٱولل هموݩ شۉ ز زندوݩ محلی گوروئڌن بی و مؽن کلیسا خو نه واپۊشندن بی.	who had escaped from the local jail earlier that night and were hiding in the chapel.	that they had been interned at my jail and that they had been evacuated for their church
وا یه گونبڌ چارسیک، که مؽن لا یه قرڌؽ دار و چمن غلوه دیر ز دئس بی.	with a square cupola, very retired among some trees and a lawn	that resembled a half plucked turkey, with a thin back mustache.
سی همیو یکولؽ ز‌ شازاڌه‌یل و فرمونده‌یل گپ، گرڌ وابیڌن بی.	so many great princes and captains were assembled.	'Cause they've always been important to the prince's court.
زنۊراس وابیڌه و نۊ وابیڌه، مؽن ساعت غیر معمۊل یازه شۉ.	refreshed and renewed, at the unusual hour of eleven o' clock	she set off at a gallop, leaving the young lady safe and free within these two hours
نچی یو که تمرین هم واباس بۊ.	if it be accompanied by practice.	It's not about that she had to go to rehearsal.
ولؽ وایه‌مندوم که گشت ئی چی‌یل سۊءتفاهوم بیڌه بۊن و کسؽ نه مقصر بۊ.	but I hope it was all a misunderstanding and that no one is to blame for it.	but I thought all this very pretty and engaging
هو جواڤ نادیارؽ گرئڌ.	she received an evasive answer.	He responded with a shock.
چنوݩ که اؽما ڤه نئر او پَراسننڳ‌زنونی هڌیم که نتریم ز غزینه‌یلموݩ دیر بۊیم.	so that we are like those misers who are unable to absent themselves from their treasures.	as if we were not aware of that particular woman, whom we had not had time to dream anything.
ز ری خۊئی و صفاداری سرؽشتسوݩ وی که دیه نظرؽ نخاسن.	with their true natural delicacy, they abstained from comment	for the establishment of national self respect without which he had repeatedly
جَلا هسیڌون لیش‌سرؽشت که هیچ خوشیؽ زسوݩ وه اموݩ نؽ.	except indeed the envious, from whom no fair fortune is safe.	that he was condescending when he noticed them at all.
مؽن عطر گورگوم خۉ بوردوم.	I fell asleep to the scent of my wolf.	I took the wolf's scent.
رۊح گۊش وه قانونَل ماشینی نؽگره.	the soul won't obey the rules of mechanics	His soul doesn't learn the rules of the car.
ز راس تو ٱندرینت ز شؽواتت بؽهتره	I reckon you're a kind of a singed cat, as the saying is better'n you look.	Your arrival will have a most beneficial influence upon your heart.
مؽزَل سنڳینؽ وه رنڳ رَش نهاڌه وین سر یک	loaded with heavy dark tables.	The grief-stricken groaning began on the one hand.
یکی، شوَقباز مؽن رَئ پله	one, on the staircase at dawn.	One, the wizard on the steps.
خو نه ونه وَر خطر	if it did not terminate as she wished.	It's more of a trip hazard.
چی میَل قڌیسَل شؽوات مَسنَویی داشت	had the same artificial appearance as the hair on the saints.	Maybe there was a castle in the middle of the road.
اما کارل تاوسونی ملکلسوݩ نؽشت رون وه سفر	but they had been detained all the summer by business connected with their estate.	but his easy patronage was no mere irresponsible venture of his hand.
اؽتریم یه واگون استیشنؽ بگریم و بنیمس واپوشت و وه رَئ خو رویم	we can get a station wagon, put him in the back, and go on	I listened to a little gasp and turned my face straight forward.
هؽ مؽن ئی خینه فره ترس داره، و ئی گپه پای خلایته زرتلاک کرد	that is so terrible in battle, and that word infected the whole crowd with a feeling of panic.	she was terrified of this very slight weight gain she began to suffer badly from too much fluid in the tissues of her body
تا اۊسه که دوال دِردِری بوناڌ اذیت کردن تیگمه نها	until the ridged vinyl started to hurt my forehead.	Until the day when the daughters will stretch out their shirts.
مَنِست مه چیؽ که هو دباره وانها وَستن خو گوڌ وی، راسه	perceived that what he said about his improvement was true	I could see clearly what he had been telling them.
دو بؽشدر فرموݩبری بَت مائ که وه نشم و ناز وا پیایری بَت نر مطابقت داشت	especially on the innate submissiveness of the goose as beautifully corresponding to the strength of the gander.	the front two clutching him tightly in the same tone as his father
ٱرچه هؽ پؽشگوئی زوینؽیه ٱما چونوݩ اؽتۊزه	though it's a poor sort of prophecy, flopping like that.	Or will He raise him up, and the clouds will be raised up above him,
تینا مسبۊر بؽم ڤور خوم چؽره ٱڤوم.	I just had to get over myself.	I have to get to my desk.
کَلسِ نه رؽ مولِ مؽره خشال خوس ناده بؽ.	her head on the shoulder of her satiated husband.	he was unwilling to leave it untranslated
پوی دؽندایلس مؽ همۊݩ رووَتِ مِر بؽن.	all his attendants were in the same state of amazement.	then, quite overpowered by fatigue and the fumes of the tobacco, fell asleep.
مَنوم کِشتؽ نه بوم وه دؽڤۊندارس.	I might return the vessel to her captain.	I mean, he gave away all your secrets.
ٱمای همخو وه دؽڌار اؽسا مِر کِم که لنگؽ مون تحت تاثیر نا.	but I so little expected your visit that it has somewhat overcome me	But it didn't leave me feeling the unpleasant consequences of that secret.
وه رووَت بلاجوی گوراس وست رؽ وشت.	miraculously the snake slumped to the floor	blew a mustache on the other side of his collar like a collar.
داس دووارته هیارؽس دا.	his mother helped him out twice	his left cheek twisted
اوسو که بؽاوِن ئؽ ورگ‌ وه وؽرس وَیڌ.	when suddenly the idea occurred to him	After he came out of the legion with a fever.
ٱمای هو همخه وَنگ بؽ که نَتِرس شون کونه.	but she was too weak to move.	But he suffered especially because he wasn't afraid to go down.
ئؽ وله قلؽوه‌تر زه هزنڳؽ بؽ که هو قَت بؽ بشنڳه.	was already more than she was meant to carry.	she was only saved by the threat that she had heard.
هو ورگ کهد که بئتر هد اؽنؽ نَیَرنه ۉ سؽ همیو فعلا پوی اؽنَله انکار کهڌ.	he thought it best to say nothing and so for the timebeing had denied everything	he thought the best thing he had ever been and pretty soon all that.
دفرؽ نه که هؽنسته بؽ ۉ اؽترست هونه ساو جۊݩ، تلَئؽ ۉ مال هلکس کونه، درنست.	let slip an opportunity put into his hands that would have made him absolute master of the lives, the liberties, and the fortunes of his people!	He got up and went to Shame's room before he went down, and he got up and went to Shame's room.
کوشکَی اؽدۊنستوم چه سهشتؽ وا هؽنسته بۊم.	I wished I knew what I was supposed to be feeling.	I was spared the humiliation.
ٱنکه مؽره‌اؽ که همؽسو مَلست، وه نظر اؽرسه که سهشت لاق‌طبعؽ قلؽوه زه هزنڳؽ هؽنه.	that is, the gentleman who has just gone appears to have an immoderate sense of humour.	it seemed to him that all his powers had reached the ground and he was condescending when he noticed three small pittance of fluid in the tissues of his body.
پوی یونۊ نه من حین تور وه مو توضیح دا.	all of which he explained to me as we went along.	the whole thing he explained to me.
ٱر وه زؽ نؽرَسؽ، جۊمس پلشت اؽیَوؽ.	if she didn't get there soon she was going to stain her dress.	If he resists again, tell him the truth.
کلومه نه تینؽدوم ۉ وا ورگ وه یوکه چقر امرۊ نهنڳ بؽ که دؽر برسوم، جهد کم نؽا لسستنومه نه بگروم.	I shook my head and repressed a shudder at the thought of how close I had been to being too late today.	I got rid of the signs of my work, and dropped the blanket and hid my saw, and pretty soon settled in.
بؽ تو وه‌روسؽ نؽترستوم زه پوی یونۊ بگڌردوم.	I I just couldn't have gone through all this without you.	I couldn't help myself and I went all the way.
ارنڳس در بؽ که قاول اؽده هونه زفت اؽکونه.	his voice promised that he would take care of her	Or will He raise him up, and the clouds will be raised up above him,
وَیورات یو بؽ که دۊوازده آشپس می اۊچو مندؽر فرمۊنل بؽن.	implying that a dozen chefs awaited her orders there.	had the goodness to satisfy me as to this dreadful riot.
که دام، که اؽنَی زفت اؽکه، وه شؽد ٱشنست وه هیدوت واشَوِست.	which my mother, being on the watch, heard distinctly, and was sadly alarmed at.	that he had heard hardly anything, and that he was going to love her.
وه سئل کهڌنس اؽملستوم ۉ مؽ پوی جا وا هو اؽگشتوم.	I'd have gone to see her and gone about with her everywhere.	I put the phone down sadly and listened to it all the time.
که بؽاوِن ارنڳ کوفستنِ سرتؽر مؽ دوؽن دم ٱشنؽڌه ٱوؽ.	when suddenly was heard a hurried knocking at the door below.	who had heard above me a little gasp.
ٱمای هوکه رؽ سؽنه بئۊس شلال ٱوؽ بؽ، وا کل تائؽد اؽکه.	but she made an affirmative sign with her head as she lay on her father's breast	now the whole thing presented itself in a somewhat decayed condition
ملشت هو تؽار لهلاک و خوگر بؽ.	his face was quite composed.	his beam of wandlight hit an extraordinary creature
چؽکه پَی هؽن وجود هؽنست.	for there was traces of blood	That's why he's here.
اؽنؽ هؽنوم که وا وت بیرنوم.	I have something to tell you.	I'll be there to bring you back.
هو وه جس هو اؽملست ۉ بؽ قید ۉ شرط خوسهیَلسه نه برآورد اؽکه.	she would come in search of him and meet his wishes unreservedly.	He held his breath in his chest and listened carefully.
سؽ همیو وه بوروت چوگ ویسا بؽ ۉ وا دقت وه کَل هو اؽنَشت.	so stood leaning over with eyes attentively fixed on this head.	he was always sober enough to look at her attentively.
ٱمای مؽ فاصلهَ‌ی کول مَند.	but lingered at a little distance	But he got me a little further away.
که ئؽ گپتاکَل ۉ تینا همؽنۊݩ دیارکون هو بؽ که اؽخوسَک بیَرنه.	that these words and they alone expressed what he wanted to say	that the complexity of these conditions is peculiar to himself.
تل هؽنؽم مؽ هلَل یخو تِلا بجورؽم.	let us hope you have found some gold among the ashes.	I always wanted to get out of this anyway!
اؽنداو دوارته زه هو تار ٱوؽم ۉ هو وا یکؽ وه لؽش‌ترؽن ۉ توزگوند‌ترؽن خُلقَلس، قولفه نه کشؽ.	I then quitted her again, and she drew the bolt in one of her worst, most peevish humours.	then, quite overpowered by fatigue and the fumes of the tobacco, fell asleep.
که هَمِدام اۊچو بؽ، رؽ یهَ مؽز کوچؽر.	which was always there, upon a little table	that was all that, about a little mouse.
چۊدهسؽس نه سرا ورد تا وه‌ رۊوَت اوسؽنؽ هو نه قولف کونه.	took out his wand to magically lock it.	he rose as soon as his eyes filled with tears.
مِن مورد یوکه هو وه کۊچو ملسته بؽ ئا سا کۊچنه.	as to where she had gone or was now.	in spite of her very slight weight gain she began to suffer badly from too much fluid in the tissues of her body
چنوݩ چوگ بؽ که زم رۊݩس چؽت ٱوؽ بؽ.	so bent was he by the wound in his hip.	that resembled a half plucked turkey.
مو کسؽ هدوم که وه رۊوَت وحشتناکؽ‌ بؽ تاشا بؽم.	I'm the one who was horribly careless.	I induced him to take a horrible turn away.
ٱمای هو پوی وؽرس ره بؽ تأثیرؽ که مؽ گوڌشده ڤور هو ناڌه بؽ.	but he had completely forgotten the impression it had made on him in old days.	then, quite overpowered by the necessities of nature, fell asleep.
ٱمای وه زؽ وه هو دهس کشؽ ۉ وه تۊس ملست تا کَلوکولَل خو نه پنگ کونه.	but soon gave it up and went to her room to pack her own things.	And he drew out his black knife and opened it to his waist.
هو ورگ اؽکهڌ که وا چه سهشتؽ هؽنسته بۊ اؽسۊکه والدینت هنؽ زهنه یسن ٱمای نؽترن بشناسِنت.	he imagined how it must feel to have parents still living but unable to recognize you.	He confirmed that he had never met a man so honorably in her hands.
وا اٛلخا ۉ موهڤت تعدؽل ٱوؽ بؽ.	was tempered with respect and affection.	in spite of her very slight weight gain she began to suffer badly from too much fluid in the tissues of her body
وه هو یرنستوم که بئۊس وه‌ دهس هلک هیارؽ ٱوؽ ۉ وه کَڤوشت مؽهرس رهڌه هد.	told her that her father was assisted by the people, and gone in search of her husband.	I imagined it was some importunate person who
بگه کِرؽ رؽ هو شسته ۉ هو نه مؽ تینویؽ کِر دارؽ تکنؽده بؽ که هؽچ رهه گورۊسؽ زه هو وجۊڌ ناشت.	it was as though a fog had fallen upon him and wrapped him in a dreary solitude from which there was no escape.	to tell her that her father had neglected to testify.
اوسو که نؽیشتن چقر وه اؽده‌یل کلۊوارس پایبند هد.	when they saw how wedded he was to his crazy ideas	He had nailed him to the wall and crucified him.
جۊ کس که وه دورونگستن سۊرؽ ناره.	as one unaccustomed to speaking	nor the strict charge she gave the page to be careful of me.
بؽ روؽز اؽنؽ قلؽوه بلاجۉر اؽیوؽ.	would certainly have been a most astonishing object	without thinking beyond the immediate cause
زه رۊزؽ که هو نه سوده بؽم، دؽ وه رۊوت حضۊرؽ گورگومه نه نیڌه بؽم.	I hadn't seen my wolf in person since that day I'd touched him	I made a mistake the first day I went to my wolf's chair.
اؽنداو وا گوڌشدن زه نفر دویوم وه نفر سیوم رسؽڌک ۉ زه هو پورس کهڌ هونؽ‌ که زه دؽیَل پورس کهڌه بؽ.	then passing on to the third he asked him what he had asked the others	somehow made me feel the kiss of compassion on a bag full of rusty old face
تینا فرگ‌ کهڌوم وا بدۊنؽ وه کۊ با اؽروڤه.	I just thought you should know the direction he's headed.	I just thought he was gonna bother you.
اؽدۊنست که دانشجۊ تؽر خرڌه.	knew that the student had been shot.	seemed the black cloud from which the thunder had come.
چؽکه هونه دلچسب جوس بؽ ندورونڳست.	she let it pass because it was pleasing to her.	still it was not pleasant to him to hear anything.
اؽنداو خو نه رؽ صندلؽ جا وه جا کهڌ.	falling back in his chair	then, quite overpowered by chairs.
ٱمای اوسو که دهسس نه داو هو حلقه کهڌ سهشتؽ من هو جوهس که دؽه‌یَل ناشتنس.	yet when she put her arms around him she could sense a faint echo of some intensity quite missing in the others.	when she put her hands on her face to look at me, I blinked and then I fell asleep.
که بؽاون زنشت جؽلؽ وه پسوم خرڌ ۉ چؽکه رؽ گردوندوم.	when I felt a sudden sharp poke in my rear, and turning round	that if you should not feel ill, let me put up a bag full of rusty old face.
ٱلتو دمۊن وه‌ دوؽن ویڌن هواپیما برۊکوم کڤۊ اوؽڌه.	I must have bruised my ribs when the plane came in.	At that moment, he left the plane and went to Shame's room.
که ٱر دورونڳه نه وه همؽݩ ماوزۊ شرش بکشن.	that if he continued the conversation in the same tone in which he had begun it	to be champions always ready to expel as many of you as possible as soon as possible to save himself from going round the bend.
اوسو که مؽ دو ورۊم بؽن زه پاچه رڌ اوؽڌوم.	I crossed the field with them flanking me.	when I had left off on tiptoe.
همه‌دام گشتۊگ خو نه سؽ مارل پوی، فرَه اؽیشت.	always lent them a sympathetic ear.	I don't know, I've got all my faculties as well as ever.
یخو رهنمویؽ ناشتوم که قوه تخیولوم نه دؽندام کونه ۉ وه کار ونه.	I had not the smallest indication on which to let my imagination work.	I had no advice to how to do it and dread my dream.
کَسلؽ مختلف الجنس زه هار ناو ۉ قسم اوچۊ بونکۊ اوؽڌن.	who sympathized but little in the event	they had some other feelings towards women than towards grouse and foxes
نظرومه نه راجع وه رۊزل لؽشؽ که نؽا دورؽم.	the kind of vision I'd had of the bad time that's coming	I had a hunch about a missing person who I had gone to investigate.
وا چنۊݩ هرنڳؽ هونه هته دا که اؽنؽ نمنده بؽ بقارنوم.	with a grip that almost made me cry out	so insidious is the repetition of any scene
رؽ صندلؽ پسِ مؽز تحرؽرس شست.	sinking into his desk chair	He leaned his back against the chair.
چؽکه هو نؽاز وه لؽز گرهڌن هؽنست.	he needed to sleep, he had to	'Cause he's not going anywhere with music.
هو که نترست لاوهند مزنه.	though he couldn't suppress a thin lipped smile.	she could not bear to hear.
همۊݩ رۊ مطالبؽ نه یرنست.	told me things.	has been and will remain in the same attitude of close observation so long
جۊ یو بؽ که مولکمؽته نه داوت کونن	it was to invite death	Just like they've been telling him to his face.
همؽو وائس ٱوؽ که کار وه ئؽ دوئل بکشه.	now, my dear, we have the duel.	to whom I shall make such excuses that she will be led to approve of my delay
مو وس رسؽڌوم ۉ هرنڳه نه وس ورۊاندوم.	I reached in and stole power from him.	I approached him and asked him to sit down.
انزوا که سؽ هار دو واقعؽت اؽنل بؽ.	that loneliness which was for both of them the truth about things.	so that with all these facts,
آئورلؽانوی سیوم وا لحن معترضؽ مؽنجا دورونگستن هو پهرست	her husband countered.	I've got all my faculties as well as ever I had in my life.
چؽکه باک باوَت چماق واتاشا ٱوؽ بؽ.	for he was become wise in the way of clubs.	a half-view of what he had said.
آخر وه هۊنه اۊ شخص فقؽر رسؽڌؽم.	until we came to the poor person's house	I am in earnest at last
ٱلڤَت قلؽوه زه هو مودب بؽ که بخو فاش بگو	though he was too courteous to speak openly	he was, of course, in a state of fear to hear it.
ئؽ نویته نه هم وه هو فهمونده بؽ.	a fact which she had impressed upon him.	he had not understood so well.
سیڌن پند خۊئؽ که وس پؽشنهاڌ ٱوؽ بؽ.	acceptance of the good advice that had been offered to him	somehow made her usually soft voice heard above the tumult.
وه هیدوت فرمۊݩ دا تا هونه بتلقنه.	swerved to hit it.	He ordered a place for me to lodge in.
درگشت ۉ وه پر بارواس سئل کهڌ.	her second glance was at the dying man	He walked in and started on the farm.
مؽره‌اؽ که چورسته بؽ ئا زؽنه‌اؽ که زهنه ول ٱوؽ بؽ.	the man who had died or the woman he had left behind.	the black cloud from which the thunder had come.
اؽسا وا وه تورتۊنه ادامه بؽن.	that you were to go on.	so insidious is the repetition of the hour.
اوسو مطالب خو نه وه پایان رسونڌ.	when he had concluded.	Then he put the phone down.
ناخورای هو وه تدرؽج نیرۊن اؽبۊ.	that her captain begins to feel a little anxious.	he was unwilling to leave it untranslated
بنؽ اؽنؽ مؽ ٱندرؽنوم وه قول اؽکند.	something kind of moved inside me.	to which I shall make such excuses that she will be led to approve of my delay
تل داشت که سئل مرؽ وه تؽلس بۊفته	hoping that they would meet hers	He was waiting for a cold chicken to boil.
ٱمای دوارته بازپورسؽ وه کاترؽنا نه خۊ وؽرومه.	I only remember how they began examining the witness.	but I'll be back again, Catherine.
مودمئن بؽم که گورگوم اۊچۊ بؽڌه.	I was so sure that my wolf had been there.	I wondered whether my wolf would be crazy or stupid.
سؽ خاونؽڌن وا ارنڳؽ شرؽݩ هونده‌گرؽ کهڌ.	sang to it softly, to lull it to sleep.	The grief-stricken groaning began on the giant.
دل‌داشت مؽ ئؽ تۊ کوچؽر اوینه بنشؽنه ۉ بنهره.	had liked sitting in this room to watch the ladies who	He was thinking about looking at Mary like a goat.
تا زهشت خو نه وه تاوبه بنن	weeping and praying	to cover their heads and knees with a hanging star
یَه رۊ پسؽن داس تی هو ویڌ ۉ چؽ بلاجڤؽ اؽخاسک.	his mother came to him one afternoon with a very peculiar proposition for her.	One day your grandmother will come and discuss what he will do to you.
ٱمای تا همؽسکو هرگز هونه جۊ ٱمرۊ نیڌه بؽ.	but he had never yet seen it as it was to day.	but he's never seen anything like it before.
سرؽشت ۉ طؽنت روسؽ کورتۊݩ نه سؽس بیرنؽن.	explain your son's character.	He got up and went to Shame's room before he went down.
وه تلوم بؽ بهلوم تو زهنه بمهنؽ ۉ مکوشومت.	I've decided to let you live.	He asked me to stay with you and I didn't touch you.
بؽ هانؽ آخرؽن پلرد خو نه کهڌ ۉ گو	she said, trying once again	without any scene from which she did not return with the same unperturbed keenness of eye and the same high natural color.
وه رؽ غرؽزه تا نهنڳ هو هم ویڌوم.	I came straight to it, by instinct, I suppose.	I asked him to sit down and see what he had gone.
سؽ شرکت مؽ پؽرۊزؽس هنؽ کسلؽ بؽڌن.	there were other people on hand to share her triumph.	The management of the company was headquarters.
مندؽر بؽڌؽم که ساو‌هۊنه ناهار نه ورۊئه.	waiting for his housekeeper to serve lunch.	I asked him to come to dinner.
اۊ ٱسڤ مونه وه هۊنه درگردوند.	for he led me back into the house	He spied me back.
مو پوی چؽ نه راجع وه خوم وه هو یرنسه بؽم	I told him everything about myself.	I've got all my faculties as well as ever I had in my life.
مو وا ورگ زهشت خوم بۊم	I got to think what happens to me.	I was thinking about it myself.
اؽتاو بؽاهن اؽچو مل نفت آیوم ٱون!	to come and upset us in this manner!	It's like they're making a lot of oil!
حتی پلرد کهڌ وا ته‌منده رنؽ که نقاشل ول کهڌه بؽن انباره نه رن بوکونه.	he even tried to do up the attic with some paint which had been left behind by the painters.	He even had the incivility to encompass his patients.
حتی بؽ یوکه وه خو زحمت دهرسنسه بده.	without even taking the trouble to tear it up.	He's even had to worry about it.
بئتره نهلؽم که گرهدار ئؽ قصۊرل ٱوؽم.	let us remember this, in time.	I'm afraid I won't have to tell that story.
من مسافر‌هۊنه نرهڌ ۉ زه هو هم نویڌ سرا.	entered or left the tavern door.	I put the light near his face and sat down and then he leaned over me.
اؽخوم سؽ یه ولا هم که ٱوؽڌه وه مو بنهرؽن.	you must look once.	I'm going to have to get back to her.
اؽدۊنوم که زؽنه‌اؽ وااٛلخا جۊ تو نوا وا مو بدورونڳه	I know I shouldn't speak to you	I know a woman like you don't want to be a lady.
ٱمای کۊپر مودمئن بؽ که کار ترؽسؽ وه‌دهسؽ بؽڌه.	but he was certain it had been done deliberately.	but a reasonable suspicion that he had abandoned his fearful venture of his hand
دو تؽ دلۊ ۉ ساوزه نه نهرس که مؽ تورؽکؽ وه هو گر کهڌه بؽ.	saw something with very large, round, green eyes staring back at him in the darkness	the front two clutching him tightly in the pocket
هونه خاو قلؽوه سنگؽنؽ گرهڌ.	he fell into such a deep sleep	He got up heavily.
اوسو که هاردۊن سؽ قڌم زیڌن آماڌه ٱوؽڌن یرنس	she said when they were ready	when the young man entered, I asked him to what he had been telling me.
‌یه حادثه کوچؽر ئؽ ٱمره‌ نه ڤور هو ثاڤت کهڌ.	as was shown by a trifling incident.	a very important event which had perhaps been the occasion of much present enjoyment to both
حتمنؽ چنڌ دقه اؽنداو زه ملسن وه تۊس چورسه بؽ	must have died within minutes of retiring	He's even had to steal his head for a minute.
ٱمای تلس ناشتک که فرگسه نه وه زۊن بئاره.	but she did not dare to speak of it.	but she was not sober enough to think of it.
هرچند وه هو گوئڌن که خاوسؽڌه.	though he had been informed, to begin with, that she had already gone to bed.	Even though he had said he liked to.
لکن مفاڌ مارلوم عینا همیۊ بؽ که گوئڌوم.	but the idea was as I say.	but I'm damned if I sympathize.
فئم بو که هنؽ جۊݩ ندائه.	found he had not yet ceased to breathe.	I understood that there was no longer any such desire.
دؽ جوریت نؽکونوم وه اؽچو بڌرگردوم.	I dare not come again.	I ain't ever going to shake them any more.
شلاق شلاله نه زه رؽ مخ ورگهڌ.	took the long horsewhip from its nail.	He got up and went to Shame's room before he went down.
هو نه مؽ تۊ تهنا نها ۉ ملس.	left him there, alone	he is only alive and free.
اخِر سلا رئڌنوم دا خوم.	at length permitted me to go.	I am in earnest at last
اؽنؽ نگوڌوم ۉ پلرد کهڌوم که ورگؽ هم‌ مکونوم.	I said nothing, and tried to think nothing.	I didn't say so, and I insisted I stay out of it.
بئۊسۊݩ پلرد کهڌ تا اۊ دوتا ئؽ تصمؽم مگرن.	their father tried to dissuade them.	he was delayed an instant until the decision was made.
بؽ یوکه دۊنا بۊ وه ئؽ علاقه.	without even knowing she loved it	He was attracted to this woman.
قلؽوه تر زه همه‌دام خومؽر بؽ ۉ حتی طرب انگؽز تر.	was tenderer than usual and even more delightful.	in spite of all the bloodsuckers, even in the most interesting way.
قیز هو هؽچ کارؽ نؽترسوم بوکونوم	I couldn't do without her.	I could see clearly what he had been doing.
وا ئؽ ورگ نیرۊنؽ دوارته درگشت.	she thought and desperation came back to her.	And he didn't return with the same unperturbed keenness of eye and the same high natural color.
باور کو ٱر لازم بۊ تو نه هم اؽکوشوم.	even if I have to kill you.	I trusted you to die, if you had anything to say to him.
زه مؽن بونکۊ تورؽ سؽ خو فره کهڌ.	at that moment made his way through the crowd	The month was a perfectly good one.
ٱمای من دمۊن خاو زه مو پورس کهڌ که ئؽ کتاو نه داروم؟!	but when I was going to bed at night, asked me if I had got that book?	Then I had the chance to find a book?
اؽنؽ نگوڌشد که هاردۊن‌مۊݩ وه خاو رئڌؽم.	we both soon slumbered.	it was not difficult for me to guess that it was to see her that I had gone
چؽلسه نه فره کهڌ ٱمای سرتؽرؽ هو نه بهس.	opens her mouth, closes it again	He held his breath in his chest and listened carefully.
مو تور تحصؽل فندو نه وه کار گرئڌوم	I followed that of letters	I've been looking for a job to do.
اۊ رۊ سوهڤ تصادفا تهنا همؽݩ یه سئڌؽ رسؽڌه بؽ	that morning, as it chanced, there was only this one letter	that morning there was a sudden hesitation
ٱمای پؽرمرد وا سئلؽ تنفرآمؽز هو نه ڤورانداز کهڌ	but, the old gentleman, eyeing him with an expression of dislike	then bestowed upon it a kick which could have emanated from no leg but a beadle's.
تو آقای وااٛلخایؽ هڌؽ. ئؽ سئڌؽ نه بسۊزنؽن	as you are a gentleman, burn this letter	you were a gentleman waiter. He was interrupted in the most interesting part of my story which
من اثنای خوندنه ئؽ سئڌؽ طۊلونؽ.	while he read this long and painful letter	I can't do just as I want to here.
بنؽ پئشگۊیؽ شۊکؽ سؽ سفر هو بؽ.	as if it boded ill omen to his venture.	that resembled a half plucked turkey.
مؽ تور اؽستگاه قطار سؽ خو یه لوف کاوش کتۊنؽ سیڌ.	bought herself a pair of espadrilles on the way to the train.	He was thinking about a fox's bar full of rusty old wooden handle.
زه هو فرامۊشت ٱوؽڌه‌ؽ اؽنداو زه مولکمؽت که سؽس شنخت بؽ.	because it was the forgetfulness of death.	he had confided his property which he had heard
ساه کسؽ که هرگز ملاقاتس نکهڌه بؽ.	the shadow of someone she had never met.	That's why he's never met her.
سا زه باوت رنجؽڌه و مشه‌مۊل ٱوؽڌه بؽ.	more than anything else, it troubled and irritated him.	He suffered badly from too much fluid in the tissues of his body and began to suffer badly from too much fluid in the tissues of his body.
مو هم لنڳؽ سهشت بئدرؽ جوسوم.	I felt a tiny bit better, too.	I put the phone down sadly.
ٱمای تی خو هو نه قڤۊل نکهڌ ۉ باور نکهڌوم.	but I decided that was nonsense.	But you didn't convince me.
هارچه زر بؽ من کف چل هو رؽسسوم	poured all the gold into his palm	I stole in on tiptoe.
ٱمای دؽ وه انجوم ئؽ شون واهرنڳ نبؽ.	but he could no longer do it.	but she did not suffer him to suffer badly from too much fluid in the tissues of her body.
ئؽ زرڤه نه وا شهامت تحمل کهڌ.	he took the blow bravely	He had to endure this journey in peace.
ٱمای همؽو که مراسم بهؽگ تاتس	but when the wedding days were over	but the ceremony was interrupted
که تل تؽار من یه دمۊن پلوفس.	as for a moment their hearts sank in.	that everyone was just like me.
ٱمای تؽلس اؽنؽ یسره متفاوت اؽگو.	but her eyes spoke quite differently.	But the divorce was finalized.
چؽکه هاردۊن لاوهند جلفؽ ڤور لاو هؽنسن.	for both were idly smiling.	they got to the woodpile that was in front of my tree, and slipped in behind it, and so they had the bulge on the men again.
ٱمای سا آشکا نبؽ که هو من اۊ تۊ بۊ.	the woman, who may not have been there.	But it didn't leave me feeling the unpleasant consequences of that secret.
وه هو نؽشت‌هن دهسوم ۉ وه تؽگوم چل کشسوم.	I grinned at her and touched my forehead.	I drew him out of my mouth and pulled him out of my mouth.
من بؽ دونڳؽ تؽار تی هومسرس ویساڌه بؽ.	she had stood by her husband's side perfectly silent	I was looking at your face just now.
که وه پرؽن کشتؽ که ورخرد بوکونؽم.	to speak the first ship I sight	that would surprise me to hear about it.
طبق فرمۊݩ عزروئؽل سرتال وه بفنؽڌن مؽلس کهڌ.	she braided her long hair	he had avoided passing through the villages of his nostalgia.
په تؽار فرمۊݩ هو نه اطاعت کهڌوم.	I obeyed him to the letter.	I hastened to obey him.
زه سرتال عصرۊنه تا همؽسا قلؽوه لنڳ خردؽن.	you have scarcely tasted since you began tea.	they flew into the passage crying for help.
اؽما وؽرمۊنه وندؽم وه گول گشت خومۉن منه ٱۉ.	we turned our attention to our voyage	we had shoved off and given way.
سؽ هو که قضیه مربۊط وه داس بؽ.	for the matter concerned his mother.	That's why he's in charge.
دؽربینسه ڤورداشت و ره سی نیم دری.	snatched up a pair of binoculars, and stepped to the window.	He picked it up and sat down and then he leaned his head in the water.
هو گوڌ که هؽچ همقو زؽ تؽره تو نبؽڌوم.	I never expected you so soon, he said.	He said I didn't mean to provoke you in any way.
ز تۊ رئڌوم ز دؽنس.	I followed her from the room.	I've been looking for a way to do something for you.
هم دؽوارا هم گل نه تر کرده بؽ.	that had left both walls and floor soaking wet.	round the bend, kissed her cheek.
واس که وه ترات ره.	it was important, therefore, that he should make haste.	That's why he came in.
کلکاس رئڌن منه گل.	his fingers dug into the ground	dropped her riding habit, and stumbled over it.
دؽ مجبۊر بؽڌوم دونگ نڌوم.	I was therefore forced to hold my peace.	then I called him a beggar.
چی سی گوڌن نڌاشت دوڤارته بستس.	couldn't think of anything to say, and closed it again.	tied it to the other side of his collar like reins over his neck
ز صۉ تا شۉ تؽره بؽ که هو بیا.	all day long she waited for him to come.	From sunrise to sunset.
دی وقت نؽکونوم ز نۊ خۉنومس و راستس کونوم.	I shall have no time to read it over and correct it	I won't have time to learn it and do it right.
ڤ ترات ره سؽ نیمدری خواست گوشس.	hurried to the window and tried to open it	He insisted he stay in the same attitude of close observation.
یه دوئڌر که گوی پۊنزده سالس بؽ زی بدر و تؽس واستاڌ.	a girl of about fifteen ducked out, straightened.	The girl, who was 15 years old, suddenly fell asleep.
دوینا کۊچؽر و پی سوستس هی جوئمه.	his small and insecure world tottering.	I put the helm up to run before him
هر چه که دونستن همیو بؽ.	but all they knew was	humming a tune, reach for her comb and run it through her hair.
جختی ز طبقه وارویؽ ویڌ بؽ بلم.	he had just descended from the upper storey.	I was soon skimming up the ladder.
ولؽ دوڤارته گۊلس زیڌ.	but lured him back again.	but he repeatedly disobeyed.
هو هوڤار هوڤار خۊ وابؽڌ.	she recovered from it slowly.	He was buried in the cemetery.
واستاڌن که وایک شۉر کشن.	stopped to take counsel together.	They got up and went to Shame's room.
کڌه ره وس قۉل دام که سؽس سئڌی نوؽسوم.	I promised, on the road, to write to her.	I rolled the switch to the keyboard.
هو وا منه جا بۊ و دوگتور کلس بۊ.	he ought to be in bed, under the hands of a doctor.	He got up and went to Shame's room before he went down.
